0 0 0 5
0 1 7 0
0 2 0 8
0 3 9 0
0 4 0 3
0 5 4 0
0 6 0 11
0 7 0 0
0 8 0 0
0 9 12 0
0 10 0 8
0 11 3 0
0 12 0 4
0 13 6 0
0 14 0 12
0 15 13 0
0 16 0 12
0 17 8 0
0 18 0 4
0 19 5 0
0 20 0 13
0 21 1 0
0 22 0 10
0 23 8 0
0 24 0 10
0 25 4 0
0 26 0 4
0 27 3 0
0 28 0 7
0 29 2 0
1 0 0 4
1 1 5 0
1 2 0 0
1 3 10 0
1 4 0 11
1 5 0 0
1 6 0 8
1 7 1 0
1 8 0 6
1 9 13 0
1 10 0 7
1 11 11 0
1 12 0 2
1 13 10 0
1 14 0 7
1 15 8 0
1 16 0 1
1 17 8 0
1 18 0 11
1 19 6 0
1 20 0 7
1 21 4 0
1 22 0 3
1 23 9 0
1 24 0 0
1 25 4 0
1 26 0 12
1 27 2 0
1 28 0 4
1 29 1 0
2 0 0 5
2 1 9 0
2 2 0 10
2 3 1 0
2 4 0 9
2 5 6 0
2 6 0 1
2 7 9 0
2 8 0 0
2 9 3 0
2 10 0 1
2 11 5 0
2 12 0 9
2 13 13 0
2 14 0 8
2 15 11 0
2 16 0 8
2 17 3 0
2 18 0 8
2 19 8 0
2 20 0 12
2 21 4 0
2 22 0 4
2 23 5 0
2 24 0 12
2 25 4 0
2 26 0 6
2 27 12 0
2 28 0 6
2 29 5 0
3 0 0 8
3 1 12 0
3 2 0 4
3 3 6 0
3 4 0 9
3 5 1 0
3 6 0 12
3 7 4 0
3 8 0 6
3 9 13 0
3 10 0 12
3 11 5 0
3 12 0 6
3 13 7 0
3 14 0 12
3 15 9 0
3 16 0 0
3 17 5 0
3 18 0 6
3 19 8 0
3 20 0 3
3 21 10 0
3 22 0 11
3 23 0 0
3 24 0 10
3 25 7 0
3 26 0 2
3 27 13 0
3 28 0 5
3 29 10 0
4 0 0 8
4 1 5 0
4 2 0 1
4 3 2 0
4 4 0 2
4 5 5 0
4 6 0 5
4 7 9 0
4 8 0 3
4 9 10 0
4 10 0 13
4 11 11 0
4 12 0 1
4 13 13 0
4 14 0 3
4 15 1 0
4 16 0 5
4 17 10 0
4 18 0 10
4 19 13 0
4 20 0 1
4 21 10 0
4 22 0 6
4 23 2 0
4 24 0 8
4 25 0 0
4 26 0 11
4 27 4 0
4 28 0 11
4 29 7 0
5 0 0 11
5 1 0 0
5 2 0 8
5 3 0 0
5 4 0 10
5 5 7 0
5 6 0 6
5 7 1 0
5 8 0 11
5 9 4 0
5 10 0 0
5 11 5 0
5 12 0 4
5 13 7 0
5 14 0 7
5 15 2 0
5 16 0 0
5 17 4 0
5 18 0 1
5 19 0 0
5 20 0 1
5 21 5 0
5 22 0 8
5 23 9 0
5 24 0 4
5 25 3 0
5 26 0 0
5 27 3 0
5 28 0 1
5 29 5 0
6 0 0 4
6 1 6 0
6 2 0 9
6 3 11 0
6 4 0 12
6 5 4 0
6 6 0 5
6 7 2 0
6 8 0 11
6 9 7 0
6 10 0 0
6 11 10 0
6 12 0 11
6 13 8 0
6 14 0 9
6 15 9 0
6 16 0 8
6 17 13 0
6 18 0 0
6 19 10 0
6 20 0 8
6 21 11 0
6 22 0 3
6 23 11 0
6 24 0 1
6 25 9 0
6 26 0 0
6 27 2 0
6 28 0 2
6 29 8 0
7 0 0 3
7 1 9 0
7 2 0 10
7 3 3 0
7 4 0 7
7 5 2 0
7 6 0 6
7 7 4 0
7 8 0 12
7 9 8 0
7 10 0 10
7 11 3 0
7 12 0 0
7 13 13 0
7 14 0 3
7 15 1 0
7 16 0 13
7 17 7 0
7 18 0 9
7 19 12 0
7 20 0 2
7 21 3 0
7 22 0 6
7 23 0 0
7 24 0 1
7 25 7 0
7 26 0 6
7 27 3 0
7 28 0 9
7 29 9 0
8 0 0 0
8 1 11 0
8 2 0 3
8 3 1 0
8 4 0 6
8 5 8 0
8 6 0 11
8 7 7 0
8 8 0 3
8 9 4 0
8 10 0 8
8 11 13 0
8 12 0 11
8 13 7 0
8 14 0 5
8 15 12 0
8 16 0 0
8 17 2 0
8 18 0 7
8 19 10 0
8 20 0 3
8 21 13 0
8 22 0 2
8 23 5 0
8 24 0 11
8 25 6 0
8 26 0 1
8 27 2 0
8 28 0 5
8 29 0 0
9 0 0 6
9 1 0 0
9 2 0 4
9 3 12 0
9 4 0 9
9 5 6 0
9 6 0 2
9 7 10 0
9 8 0 0
9 9 2 0
9 10 0 7
9 11 5 0
9 12 0 0
9 13 12 0
9 14 0 8
9 15 8 0
9 16 0 7
9 17 10 0
9 18 0 12
9 19 8 0
9 20 0 11
9 21 5 0
9 22 0 0
9 23 13 0
9 24 0 0
9 25 12 0
9 26 0 8
9 27 13 0
9 28 0 5
9 29 9 0
10 0 0 12
10 1 2 0
10 2 0 8
10 3 8 0
10 4 0 9
10 5 10 0
10 6 0 3
10 7 1 0
10 8 0 10
10 9 11 0
10 10 0 1
10 11 8 0
10 12 0 12
10 13 5 0
10 14 0 12
10 15 11 0
10 16 0 4
10 17 2 0
10 18 0 9
10 19 2 0
10 20 0 10
10 21 2 0
10 22 0 5
10 23 2 0
10 24 0 8
10 25 1 0
10 26 0 1
10 27 0 0
10 28 0 6
10 29 3 0
11 0 0 13
11 1 6 0
11 2 0 13
11 3 3 0
11 4 0 2
11 5 6 0
11 6 0 1
11 7 4 0
11 8 0 3
11 9 3 0
11 10 0 11
11 11 13 0
11 12 0 1
11 13 4 0
11 14 0 3
11 15 13 0
11 16 0 2
11 17 6 0
11 18 0 5
11 19 1 0
11 20 0 10
11 21 9 0
11 22 0 9
11 23 8 0
11 24 0 9
11 25 4 0
11 26 0 4
11 27 9 0
11 28 0 1
11 29 12 0
12 0 0 12
12 1 11 0
12 2 0 9
12 3 0 0
12 4 0 7
12 5 7 0
12 6 0 12
12 7 6 0
12 8 0 13
12 9 12 0
12 10 0 7
12 11 8 0
12 12 0 11
12 13 5 0
12 14 0 12
12 15 12 0
12 16 0 7
12 17 4 0
12 18 0 11
12 19 12 0
12 20 0 8
12 21 9 0
12 22 0 12
12 23 6 0
12 24 0 13
12 25 2 0
12 26 0 13
12 27 11 0
12 28 0 7
12 29 1 0
13 0 0 7
13 1 2 0
13 2 0 6
13 3 6 0
13 4 0 11
13 5 6 0
13 6 0 0
13 7 4 0
13 8 0 13
13 9 4 0
13 10 0 8
13 11 7 0
13 12 0 0
13 13 8 0
13 14 0 5
13 15 12 0
13 16 0 0
13 17 6 0
13 18 0 0
13 19 1 0
13 20 0 8
13 21 4 0
13 22 0 12
13 23 4 0
13 24 0 0
13 25 10 0
13 26 0 5
13 27 9 0
13 28 0 5
13 29 7 0
14 0 0 9
14 1 0 0
14 2 0 2
14 3 8 0
14 4 0 10
14 5 12 0
14 6 0 8
14 7 0 0
14 8 0 0
14 9 0 0
14 10 0 13
14 11 4 0
14 12 0 10
14 13 11 0
14 14 0 4
14 15 6 0
14 16 0 5
14 17 7 0
14 18 0 5
14 19 13 0
14 20 0 12
14 21 9 0
14 22 0 13
14 23 2 0
14 24 0 5
14 25 8 0
14 26 0 11
14 27 7 0
14 28 0 2
14 29 11 0
15 0 0 4
15 1 13 0
15 2 0 8
15 3 13 0
15 4 0 12
15 5 5 0
15 6 0 11
15 7 7 0
15 8 0 2
15 9 4 0
15 10 0 6
15 11 0 0
15 12 0 8
15 13 3 0
15 14 0 7
15 15 6 0
15 16 0 0
15 17 13 0
15 18 0 7
15 19 12 0
15 20 0 2
15 21 2 0
15 22 0 6
15 23 1 0
15 24 0 10
15 25 2 0
15 26 0 1
15 27 0 0
15 28 0 9
15 29 0 0
16 0 0 6
16 1 6 0
16 2 0 2
16 3 12 0
16 4 0 11
16 5 0 0
16 6 0 13
16 7 10 0
16 8 0 1
16 9 4 0
16 10 0 8
16 11 2 0
16 12 0 3
16 13 8 0
16 14 0 7
16 15 4 0
16 16 0 8
16 17 10 0
16 18 0 3
16 19 11 0
16 20 0 11
16 21 11 0
16 22 0 8
16 23 13 0
16 24 0 9
16 25 9 0
16 26 0 4
16 27 11 0
16 28 0 11
16 29 0 0
17 0 0 2
17 1 3 0
17 2 0 1
17 3 6 0
17 4 0 5
17 5 13 0
17 6 0 9
17 7 1 0
17 8 0 12
17 9 3 0
17 10 0 13
17 11 12 0
17 12 0 10
17 13 5 0
17 14 0 3
17 15 4 0
17 16 0 13
17 17 4 0
17 18 0 6
17 19 7 0
17 20 0 5
17 21 6 0
17 22 0 1
17 23 4 0
17 24 0 11
17 25 0 0
17 26 0 11
17 27 8 0
17 28 0 2
17 29 4 0
18 0 0 12
18 1 3 0
18 2 0 13
18 3 6 0
18 4 0 11
18 5 11 0
18 6 0 0
18 7 10 0
18 8 0 6
18 9 13 0
18 10 0 12
18 11 11 0
18 12 0 8
18 13 3 0
18 14 0 10
18 15 8 0
18 16 0 9
18 17 11 0
18 18 0 6
18 19 13 0
18 20 0 11
18 21 9 0
18 22 0 2
18 23 1 0
18 24 0 7
18 25 10 0
18 26 0 10
18 27 12 0
18 28 0 0
18 29 7 0
19 0 0 0
19 1 9 0
19 2 0 8
19 3 6 0
19 4 0 12
19 5 2 0
19 6 0 5
19 7 7 0
19 8 0 12
19 9 5 0
19 10 0 10
19 11 5 0
19 12 0 13
19 13 11 0
19 14 0 10
19 15 8 0
19 16 0 8
19 17 0 0
19 18 0 3
19 19 8 0
19 20 0 10
19 21 13 0
19 22 0 3
19 23 3 0
19 24 0 1
19 25 6 0
19 26 0 2
19 27 2 0
19 28 0 11
19 29 8 0
20 0 0 1
20 1 2 0
20 2 0 12
20 3 0 0
20 4 0 11
20 5 11 0
20 6 0 1
20 7 2 0
20 8 0 0
20 9 3 0
20 10 0 7
20 11 10 0
20 12 0 4
20 13 3 0
20 14 0 3
20 15 3 0
20 16 0 5
20 17 11 0
20 18 0 10
20 19 5 0
20 20 0 1
20 21 13 0
20 22 0 0
20 23 9 0
20 24 0 7
20 25 13 0
20 26 0 5
20 27 0 0
20 28 0 12
20 29 12 0
21 0 0 0
21 1 2 0
21 2 0 9
21 3 3 0
21 4 0 9
21 5 0 0
21 6 0 12
21 7 8 0
21 8 0 10
21 9 6 0
21 10 0 6
21 11 12 0
21 12 0 3
21 13 10 0
21 14 0 9
21 15 3 0
21 16 0 11
21 17 7 0
21 18 0 1
21 19 10 0
21 20 0 10
21 21 13 0
21 22 0 0
21 23 4 0
21 24 0 7
21 25 11 0
21 26 0 0
21 27 11 0
21 28 0 4
21 29 12 0
22 0 0 12
22 1 5 0
22 2 0 7
22 3 4 0
22 4 0 4
22 5 6 0
22 6 0 2
22 7 2 0
22 8 0 1
22 9 8 0
22 10 0 9
22 11 11 0
22 12 0 6
22 13 6 0
22 14 0 3
22 15 10 0
22 16 0 1
22 17 4 0
22 18 0 4
22 19 1 0
22 20 0 7
22 21 10 0
22 22 0 7
22 23 5 0
22 24 0 3
22 25 6 0
22 26 0 9
22 27 2 0
22 28 0 6
22 29 2 0
23 0 0 10
23 1 6 0
23 2 0 0
23 3 7 0
23 4 0 6
23 5 13 0
23 6 0 5
23 7 8 0
23 8 0 11
23 9 8 0
23 10 0 13
23 11 7 0
23 12 0 0
23 13 7 0
23 14 0 2
23 15 7 0
23 16 0 10
23 17 10 0
23 18 0 0
23 19 2 0
23 20 0 4
23 21 0 0
23 22 0 2
23 23 8 0
23 24 0 9
23 25 13 0
23 26 0 13
23 27 12 0
23 28 0 4
23 29 5 0
24 0 0 13
24 1 13 0
24 2 0 7
24 3 4 0
24 4 0 0
24 5 4 0
24 6 0 9
24 7 4 0
24 8 0 12
24 9 4 0
24 10 0 12
24 11 6 0
24 12 0 1
24 13 1 0
24 14 0 4
24 15 2 0
24 16 0 6
24 17 8 0
24 18 0 4
24 19 1 0
24 20 0 5
24 21 8 0
24 22 0 13
24 23 7 0
24 24 0 1
24 25 8 0
24 26 0 3
24 27 12 0
24 28 0 3
24 29 4 0
25 0 0 1
25 1 12 0
25 2 0 10
25 3 6 0
25 4 0 12
25 5 1 0
25 6 0 10
25 7 8 0
25 8 0 11
25 9 11 0
25 10 0 1
25 11 4 0
25 12 0 6
25 13 3 0
25 14 0 4
25 15 2 0
25 16 0 1
25 17 7 0
25 18 0 8
25 19 9 0
25 20 0 4
25 21 3 0
25 22 0 1
25 23 7 0
25 24 0 4
25 25 10 0
25 26 0 10
25 27 10 0
25 28 0 1
25 29 4 0
26 0 0 0
26 1 2 0
26 2 0 3
26 3 9 0
26 4 0 10
26 5 4 0
26 6 0 12
26 7 10 0
26 8 0 4
26 9 5 0
26 10 0 8
26 11 8 0
26 12 0 9
26 13 3 0
26 14 0 10
26 15 2 0
26 16 0 3
26 17 10 0
26 18 0 12
26 19 13 0
26 20 0 2
26 21 5 0
26 22 0 10
26 23 6 0
26 24 0 0
26 25 0 0
26 26 0 13
26 27 0 0
26 28 0 11
26 29 9 0
27 0 0 5
27 1 1 0
27 2 0 5
27 3 11 0
27 4 0 10
27 5 11 0
27 6 0 3
27 7 1 0
27 8 0 8
27 9 3 0
27 10 0 2
27 11 7 0
27 12 0 4
27 13 2 0
27 14 0 5
27 15 6 0
27 16 0 10
27 17 3 0
27 18 0 13
27 19 3 0
27 20 0 4
27 21 12 0
27 22 0 8
27 23 1 0
27 24 0 6
27 25 5 0
27 26 0 0
27 27 8 0
27 28 0 1
27 29 12 0
28 0 0 5
28 1 12 0
28 2 0 1
28 3 5 0
28 4 0 8
28 5 2 0
28 6 0 12
28 7 10 0
28 8 0 9
28 9 13 0
28 10 0 12
28 11 10 0
28 12 0 5
28 13 1 0
28 14 0 2
28 15 10 0
28 16 0 3
28 17 13 0
28 18 0 2
28 19 2 0
28 20 0 13
28 21 12 0
28 22 0 11
28 23 8 0
28 24 0 13
28 25 13 0
28 26 0 1
28 27 11 0
28 28 0 0
28 29 6 0
29 0 0 3
29 1 8 0
29 2 0 4
29 3 1 0
29 4 0 1
29 5 6 0
29 6 0 10
29 7 13 0
29 8 0 10
29 9 0 0
29 10 0 5
29 11 1 0
29 12 0 8
29 13 10 0
29 14 0 5
29 15 3 0
29 16 0 13
29 17 2 0
29 18 0 7
29 19 2 0
29 20 0 9
29 21 12 0
29 22 0 5
29 23 5 0
29 24 0 5
29 25 3 0
29 26 0 1
29 27 11 0
29 28 0 6
29 29 9 0