0 0 0 3
0 1 0 0
0 2 0 3
0 3 3 0
0 4 0 0
0 5 0 0
0 6 0 3
0 7 4 0
0 8 0 10
0 9 9 0
0 10 0 4
0 11 10 0
0 12 0 9
0 13 0 0
0 14 0 7
0 15 3 0
0 16 0 9
0 17 0 0
0 18 0 8
0 19 2 0
0 20 0 1
0 21 7 0
0 22 0 6
0 23 3 0
0 24 0 1
0 25 8 0
0 26 0 6
0 27 1 0
0 28 0 7
0 29 6 0
1 0 0 6
1 1 6 0
1 2 0 10
1 3 7 0
1 4 0 4
1 5 0 0
1 6 0 3
1 7 1 0
1 8 0 4
1 9 1 0
1 10 0 2
1 11 9 0
1 12 0 4
1 13 3 0
1 14 0 4
1 15 9 0
1 16 0 3
1 17 4 0
1 18 0 7
1 19 0 0
1 20 0 0
1 21 10 0
1 22 0 10
1 23 6 0
1 24 0 1
1 25 5 0
1 26 0 0
1 27 10 0
1 28 0 2
1 29 10 0
2 0 0 8
2 1 5 0
2 2 0 2
2 3 1 0
2 4 0 1
2 5 3 0
2 6 0 9
2 7 1 0
2 8 0 9
2 9 8 0
2 10 0 4
2 11 9 0
2 12 0 4
2 13 1 0
2 14 0 10
2 15 5 0
2 16 0 2
2 17 4 0
2 18 0 2
2 19 7 0
2 20 0 8
2 21 1 0
2 22 0 2
2 23 8 0
2 24 0 10
2 25 4 0
2 26 0 9
2 27 4 0
2 28 0 10
2 29 9 0
3 0 0 4
3 1 10 0
3 2 0 9
3 3 2 0
3 4 0 10
3 5 1 0
3 6 0 10
3 7 4 0
3 8 0 6
3 9 8 0
3 10 0 4
3 11 10 0
3 12 0 4
3 13 2 0
3 14 0 8
3 15 3 0
3 16 0 7
3 17 7 0
3 18 0 0
3 19 2 0
3 20 0 5
3 21 1 0
3 22 0 9
3 23 6 0
3 24 0 8
3 25 6 0
3 26 0 4
3 27 9 0
3 28 0 4
3 29 4 0
4 0 0 8
4 1 3 0
4 2 0 2
4 3 2 0
4 4 0 7
4 5 9 0
4 6 0 2
4 7 5 0
4 8 0 2
4 9 9 0
4 10 0 7
4 11 2 0
4 12 0 10
4 13 3 0
4 14 0 0
4 15 6 0
4 16 0 7
4 17 7 0
4 18 0 7
4 19 8 0
4 20 0 8
4 21 2 0
4 22 0 6
4 23 4 0
4 24 0 6
4 25 8 0
4 26 0 5
4 27 9 0
4 28 0 3
4 29 4 0
5 0 0 1
5 1 5 0
5 2 0 9
5 3 1 0
5 4 0 6
5 5 5 0
5 6 0 2
5 7 3 0
5 8 0 4
5 9 4 0
5 10 0 1
5 11 2 0
5 12 0 7
5 13 8 0
5 14 0 0
5 15 0 0
5 16 0 4
5 17 4 0
5 18 0 3
5 19 1 0
5 20 0 2
5 21 1 0
5 22 0 8
5 23 10 0
5 24 0 5
5 25 5 0
5 26 0 9
5 27 1 0
5 28 0 9
5 29 10 0
6 0 0 1
6 1 9 0
6 2 0 10
6 3 0 0
6 4 0 10
6 5 10 0
6 6 0 8
6 7 8 0
6 8 0 8
6 9 8 0
6 10 0 1
6 11 10 0
6 12 0 3
6 13 3 0
6 14 0 9
6 15 8 0
6 16 0 2
6 17 7 0
6 18 0 0
6 19 1 0
6 20 0 2
6 21 9 0
6 22 0 7
6 23 8 0
6 24 0 2
6 25 4 0
6 26 0 7
6 27 1 0
6 28 0 10
6 29 2 0
7 0 0 9
7 1 5 0
7 2 0 6
7 3 7 0
7 4 0 2
7 5 0 0
7 6 0 4
7 7 8 0
7 8 0 6
7 9 9 0
7 10 0 10
7 11 0 0
7 12 0 7
7 13 2 0
7 14 0 10
7 15 6 0
7 16 0 10
7 17 1 0
7 18 0 6
7 19 4 0
7 20 0 1
7 21 4 0
7 22 0 5
7 23 8 0
7 24 0 3
7 25 0 0
7 26 0 5
7 27 0 0
7 28 0 0
7 29 2 0
8 0 0 0
8 1 3 0
8 2 0 8
8 3 10 0
8 4 0 1
8 5 7 0
8 6 0 7
8 7 0 0
8 8 0 10
8 9 3 0
8 10 0 1
8 11 8 0
8 12 0 2
8 13 2 0
8 14 0 8
8 15 1 0
8 16 0 9
8 17 8 0
8 18 0 0
8 19 6 0
8 20 0 7
8 21 7 0
8 22 0 2
8 23 2 0
8 24 0 5
8 25 0 0
8 26 0 3
8 27 8 0
8 28 0 8
8 29 8 0
9 0 0 1
9 1 5 0
9 2 0 4
9 3 10 0
9 4 0 7
9 5 8 0
9 6 0 6
9 7 0 0
9 8 0 10
9 9 8 0
9 10 0 2
9 11 4 0
9 12 0 4
9 13 2 0
9 14 0 0
9 15 1 0
9 16 0 6
9 17 10 0
9 18 0 10
9 19 6 0
9 20 0 8
9 21 0 0
9 22 0 10
9 23 7 0
9 24 0 4
9 25 7 0
9 26 0 7
9 27 5 0
9 28 0 3
9 29 4 0
10 0 0 5
10 1 0 0
10 2 0 9
10 3 0 0
10 4 0 2
10 5 3 0
10 6 0 8
10 7 8 0
10 8 0 4
10 9 10 0
10 10 0 6
10 11 10 0
10 12 0 6
10 13 6 0
10 14 0 7
10 15 2 0
10 16 0 10
10 17 10 0
10 18 0 10
10 19 7 0
10 20 0 3
10 21 8 0
10 22 0 3
10 23 0 0
10 24 0 6
10 25 0 0
10 26 0 3
10 27 5 0
10 28 0 3
10 29 5 0
11 0 0 0
11 1 8 0
11 2 0 6
11 3 0 0
11 4 0 9
11 5 2 0
11 6 0 6
11 7 1 0
11 8 0 1
11 9 1 0
11 10 0 4
11 11 4 0
11 12 0 0
11 13 4 0
11 14 0 7
11 15 0 0
11 16 0 8
11 17 5 0
11 18 0 6
11 19 4 0
11 20 0 10
11 21 5 0
11 22 0 9
11 23 8 0
11 24 0 3
11 25 6 0
11 26 0 0
11 27 10 0
11 28 0 0
11 29 8 0
12 0 0 5
12 1 8 0
12 2 0 3
12 3 2 0
12 4 0 6
12 5 0 0
12 6 0 9
12 7 3 0
12 8 0 7
12 9 7 0
12 10 0 1
12 11 5 0
12 12 0 0
12 13 5 0
12 14 0 1
12 15 5 0
12 16 0 3
12 17 2 0
12 18 0 7
12 19 2 0
12 20 0 3
12 21 8 0
12 22 0 4
12 23 1 0
12 24 0 3
12 25 6 0
12 26 0 10
12 27 1 0
12 28 0 8
12 29 9 0
13 0 0 2
13 1 5 0
13 2 0 10
13 3 7 0
13 4 0 0
13 5 9 0
13 6 0 5
13 7 3 0
13 8 0 6
13 9 8 0
13 10 0 9
13 11 3 0
13 12 0 7
13 13 2 0
13 14 0 2
13 15 5 0
13 16 0 3
13 17 2 0
13 18 0 6
13 19 2 0
13 20 0 5
13 21 10 0
13 22 0 6
13 23 10 0
13 24 0 6
13 25 1 0
13 26 0 0
13 27 5 0
13 28 0 10
13 29 8 0
14 0 0 1
14 1 0 0
14 2 0 9
14 3 4 0
14 4 0 6
14 5 10 0
14 6 0 8
14 7 9 0
14 8 0 9
14 9 0 0
14 10 0 9
14 11 7 0
14 12 0 2
14 13 5 0
14 14 0 0
14 15 1 0
14 16 0 1
14 17 4 0
14 18 0 3
14 19 1 0
14 20 0 5
14 21 6 0
14 22 0 5
14 23 10 0
14 24 0 10
14 25 8 0
14 26 0 0
14 27 2 0
14 28 0 5
14 29 6 0
15 0 0 4
15 1 0 0
15 2 0 4
15 3 9 0
15 4 0 6
15 5 9 0
15 6 0 1
15 7 10 0
15 8 0 6
15 9 2 0
15 10 0 6
15 11 3 0
15 12 0 2
15 13 8 0
15 14 0 9
15 15 9 0
15 16 0 5
15 17 5 0
15 18 0 9
15 19 3 0
15 20 0 6
15 21 1 0
15 22 0 3
15 23 4 0
15 24 0 3
15 25 8 0
15 26 0 1
15 27 3 0
15 28 0 2
15 29 8 0
16 0 0 0
16 1 2 0
16 2 0 0
16 3 9 0
16 4 0 1
16 5 7 0
16 6 0 6
16 7 3 0
16 8 0 4
16 9 3 0
16 10 0 0
16 11 2 0
16 12 0 4
16 13 5 0
16 14 0 6
16 15 10 0
16 16 0 1
16 17 4 0
16 18 0 0
16 19 10 0
16 20 0 7
16 21 3 0
16 22 0 9
16 23 7 0
16 24 0 8
16 25 1 0
16 26 0 3
16 27 6 0
16 28 0 2
16 29 6 0
17 0 0 7
17 1 5 0
17 2 0 3
17 3 1 0
17 4 0 8
17 5 9 0
17 6 0 5
17 7 10 0
17 8 0 4
17 9 0 0
17 10 0 2
17 11 6 0
17 12 0 0
17 13 9 0
17 14 0 1
17 15 9 0
17 16 0 3
17 17 9 0
17 18 0 2
17 19 10 0
17 20 0 8
17 21 10 0
17 22 0 5
17 23 8 0
17 24 0 6
17 25 6 0
17 26 0 3
17 27 7 0
17 28 0 2
17 29 9 0
18 0 0 1
18 1 5 0
18 2 0 7
18 3 9 0
18 4 0 4
18 5 0 0
18 6 0 7
18 7 9 0
18 8 0 1
18 9 8 0
18 10 0 10
18 11 8 0
18 12 0 6
18 13 4 0
18 14 0 3
18 15 6 0
18 16 0 2
18 17 7 0
18 18 0 8
18 19 6 0
18 20 0 2
18 21 6 0
18 22 0 2
18 23 10 0
18 24 0 7
18 25 3 0
18 26 0 7
18 27 6 0
18 28 0 9
18 29 10 0
19 0 0 4
19 1 0 0
19 2 0 1
19 3 2 0
19 4 0 10
19 5 6 0
19 6 0 2
19 7 7 0
19 8 0 6
19 9 6 0
19 10 0 1
19 11 10 0
19 12 0 2
19 13 9 0
19 14 0 10
19 15 0 0
19 16 0 6
19 17 0 0
19 18 0 10
19 19 10 0
19 20 0 0
19 21 7 0
19 22 0 3
19 23 0 0
19 24 0 1
19 25 6 0
19 26 0 1
19 27 5 0
19 28 0 4
19 29 3 0
20 0 0 4
20 1 7 0
20 2 0 8
20 3 6 0
20 4 0 8
20 5 4 0
20 6 0 8
20 7 0 0
20 8 0 9
20 9 4 0
20 10 0 4
20 11 0 0
20 12 0 1
20 13 4 0
20 14 0 0
20 15 8 0
20 16 0 5
20 17 2 0
20 18 0 8
20 19 8 0
20 20 0 5
20 21 1 0
20 22 0 3
20 23 2 0
20 24 0 8
20 25 5 0
20 26 0 0
20 27 4 0
20 28 0 2
20 29 0 0
21 0 0 5
21 1 4 0
21 2 0 0
21 3 6 0
21 4 0 2
21 5 6 0
21 6 0 5
21 7 3 0
21 8 0 8
21 9 0 0
21 10 0 10
21 11 4 0
21 12 0 0
21 13 5 0
21 14 0 3
21 15 7 0
21 16 0 10
21 17 8 0
21 18 0 8
21 19 6 0
21 20 0 8
21 21 7 0
21 22 0 0
21 23 2 0
21 24 0 10
21 25 8 0
21 26 0 9
21 27 6 0
21 28 0 6
21 29 6 0
22 0 0 10
22 1 4 0
22 2 0 4
22 3 9 0
22 4 0 10
22 5 7 0
22 6 0 10
22 7 7 0
22 8 0 0
22 9 9 0
22 10 0 2
22 11 9 0
22 12 0 8
22 13 10 0
22 14 0 3
22 15 2 0
22 16 0 3
22 17 0 0
22 18 0 3
22 19 6 0
22 20 0 9
22 21 6 0
22 22 0 10
22 23 2 0
22 24 0 1
22 25 9 0
22 26 0 10
22 27 4 0
22 28 0 6
22 29 4 0
23 0 0 6
23 1 2 0
23 2 0 4
23 3 4 0
23 4 0 10
23 5 10 0
23 6 0 0
23 7 5 0
23 8 0 0
23 9 2 0
23 10 0 7
23 11 0 0
23 12 0 10
23 13 5 0
23 14 0 10
23 15 9 0
23 16 0 3
23 17 7 0
23 18 0 1
23 19 1 0
23 20 0 5
23 21 5 0
23 22 0 2
23 23 6 0
23 24 0 6
23 25 1 0
23 26 0 7
23 27 9 0
23 28 0 8
23 29 7 0
24 0 0 2
24 1 8 0
24 2 0 6
24 3 2 0
24 4 0 8
24 5 5 0
24 6 0 6
24 7 8 0
24 8 0 6
24 9 10 0
24 10 0 3
24 11 7 0
24 12 0 0
24 13 7 0
24 14 0 0
24 15 1 0
24 16 0 7
24 17 6 0
24 18 0 8
24 19 8 0
24 20 0 5
24 21 9 0
24 22 0 9
24 23 1 0
24 24 0 1
24 25 5 0
24 26 0 0
24 27 9 0
24 28 0 2
24 29 7 0
25 0 0 5
25 1 8 0
25 2 0 10
25 3 7 0
25 4 0 2
25 5 6 0
25 6 0 2
25 7 4 0
25 8 0 1
25 9 7 0
25 10 0 4
25 11 8 0
25 12 0 10
25 13 1 0
25 14 0 5
25 15 0 0
25 16 0 1
25 17 6 0
25 18 0 8
25 19 1 0
25 20 0 9
25 21 0 0
25 22 0 6
25 23 10 0
25 24 0 6
25 25 6 0
25 26 0 10
25 27 5 0
25 28 0 5
25 29 2 0
26 0 0 8
26 1 4 0
26 2 0 5
26 3 3 0
26 4 0 1
26 5 0 0
26 6 0 4
26 7 4 0
26 8 0 8
26 9 5 0
26 10 0 8
26 11 8 0
26 12 0 9
26 13 10 0
26 14 0 10
26 15 3 0
26 16 0 8
26 17 8 0
26 18 0 8
26 19 2 0
26 20 0 2
26 21 10 0
26 22 0 1
26 23 7 0
26 24 0 10
26 25 6 0
26 26 0 1
26 27 9 0
26 28 0 9
26 29 4 0
27 0 0 4
27 1 8 0
27 2 0 8
27 3 6 0
27 4 0 7
27 5 1 0
27 6 0 7
27 7 9 0
27 8 0 4
27 9 5 0
27 10 0 8
27 11 7 0
27 12 0 6
27 13 2 0
27 14 0 6
27 15 10 0
27 16 0 5
27 17 4 0
27 18 0 1
27 19 2 0
27 20 0 3
27 21 9 0
27 22 0 9
27 23 9 0
27 24 0 9
27 25 10 0
27 26 0 8
27 27 2 0
27 28 0 0
27 29 8 0
28 0 0 4
28 1 5 0
28 2 0 8
28 3 3 0
28 4 0 3
28 5 10 0
28 6 0 7
28 7 10 0
28 8 0 0
28 9 8 0
28 10 0 3
28 11 2 0
28 12 0 0
28 13 4 0
28 14 0 8
28 15 3 0
28 16 0 1
28 17 10 0
28 18 0 4
28 19 10 0
28 20 0 2
28 21 10 0
28 22 0 2
28 23 9 0
28 24 0 10
28 25 4 0
28 26 0 6
28 27 0 0
28 28 0 6
28 29 1 0
29 0 0 3
29 1 2 0
29 2 0 6
29 3 8 0
29 4 0 2
29 5 1 0
29 6 0 9
29 7 2 0
29 8 0 5
29 9 8 0
29 10 0 1
29 11 10 0
29 12 0 3
29 13 3 0
29 14 0 0
29 15 3 0
29 16 0 2
29 17 3 0
29 18 0 3
29 19 4 0
29 20 0 9
29 21 1 0
29 22 0 4
29 23 4 0
29 24 0 2
29 25 0 0
29 26 0 10
29 27 4 0
29 28 0 7
29 29 4 0
