0 0 0 1
0 1 2 0
0 2 0 1
0 3 3 0
0 4 0 0
0 5 3 0
0 6 0 0
0 7 2 0
0 8 0 2
0 9 2 0
0 10 0 0
0 11 2 0
0 12 0 1
0 13 0 0
0 14 0 0
0 15 0 0
0 16 0 1
0 17 1 0
0 18 0 0
0 19 0 0
0 20 0 0
0 21 3 0
0 22 0 3
0 23 1 0
0 24 0 2
0 25 3 0
0 26 0 3
0 27 0 0
0 28 0 1
0 29 3 0
0 30 0 0
0 31 0 0
0 32 0 2
0 33 2 0
0 34 0 2
0 35 1 0
0 36 0 2
0 37 0 0
0 38 0 2
0 39 0 0
0 40 0 3
0 41 1 0
0 42 0 1
0 43 0 0
0 44 0 0
0 45 3 0
0 46 0 0
0 47 1 0
0 48 0 0
0 49 1 0
0 50 0 1
0 51 0 0
0 52 0 0
0 53 0 0
0 54 0 1
0 55 0 0
0 56 0 0
0 57 1 0
0 58 0 0
0 59 0 0
1 0 0 2
1 1 1 0
1 2 0 0
1 3 2 0
1 4 0 3
1 5 1 0
1 6 0 2
1 7 1 0
1 8 0 0
1 9 0 0
1 10 0 0
1 11 0 0
1 12 0 2
1 13 3 0
1 14 0 1
1 15 1 0
1 16 0 3
1 17 0 0
1 18 0 0
1 19 3 0
1 20 0 3
1 21 2 0
1 22 0 1
1 23 1 0
1 24 0 3
1 25 3 0
1 26 0 2
1 27 1 0
1 28 0 2
1 29 2 0
1 30 0 3
1 31 2 0
1 32 0 3
1 33 2 0
1 34 0 3
1 35 2 0
1 36 0 3
1 37 1 0
1 38 0 1
1 39 0 0
1 40 0 1
1 41 1 0
1 42 0 1
1 43 2 0
1 44 0 1
1 45 3 0
1 46 0 0
1 47 0 0
1 48 0 1
1 49 3 0
1 50 0 3
1 51 0 0
1 52 0 1
1 53 2 0
1 54 0 0
1 55 1 0
1 56 0 2
1 57 0 0
1 58 0 3
1 59 0 0
2 0 0 2
2 1 2 0
2 2 0 2
2 3 2 0
2 4 0 2
2 5 0 0
2 6 0 2
2 7 0 0
2 8 0 3
2 9 0 0
2 10 0 0
2 11 1 0
2 12 0 2
2 13 2 0
2 14 0 1
2 15 3 0
2 16 0 0
2 17 2 0
2 18 0 2
2 19 2 0
2 20 0 2
2 21 1 0
2 22 0 1
2 23 0 0
2 24 0 2
2 25 0 0
2 26 0 2
2 27 3 0
2 28 0 0
2 29 3 0
2 30 0 2
2 31 2 0
2 32 0 2
2 33 3 0
2 34 0 0
2 35 0 0
2 36 0 1
2 37 1 0
2 38 0 3
2 39 0 0
2 40 0 1
2 41 1 0
2 42 0 2
2 43 0 0
2 44 0 1
2 45 0 0
2 46 0 0
2 47 2 0
2 48 0 1
2 49 2 0
2 50 0 0
2 51 2 0
2 52 0 2
2 53 1 0
2 54 0 2
2 55 1 0
2 56 0 2
2 57 0 0
2 58 0 0
2 59 3 0
3 0 0 1
3 1 0 0
3 2 0 1
3 3 2 0
3 4 0 1
3 5 3 0
3 6 0 2
3 7 1 0
3 8 0 3
3 9 0 0
3 10 0 0
3 11 3 0
3 12 0 3
3 13 0 0
3 14 0 3
3 15 1 0
3 16 0 0
3 17 0 0
3 18 0 3
3 19 3 0
3 20 0 2
3 21 1 0
3 22 0 1
3 23 3 0
3 24 0 2
3 25 3 0
3 26 0 2
3 27 1 0
3 28 0 1
3 29 2 0
3 30 0 1
3 31 1 0
3 32 0 2
3 33 0 0
3 34 0 0
3 35 0 0
3 36 0 3
3 37 1 0
3 38 0 2
3 39 0 0
3 40 0 0
3 41 1 0
3 42 0 0
3 43 3 0
3 44 0 0
3 45 2 0
3 46 0 0
3 47 1 0
3 48 0 2
3 49 3 0
3 50 0 1
3 51 2 0
3 52 0 2
3 53 2 0
3 54 0 2
3 55 0 0
3 56 0 1
3 57 3 0
3 58 0 2
3 59 3 0
4 0 0 0
4 1 3 0
4 2 0 1
4 3 2 0
4 4 0 1
4 5 2 0
4 6 0 1
4 7 1 0
4 8 0 1
4 9 1 0
4 10 0 2
4 11 1 0
4 12 0 0
4 13 1 0
4 14 0 3
4 15 2 0
4 16 0 1
4 17 2 0
4 18 0 3
4 19 2 0
4 20 0 3
4 21 0 0
4 22 0 2
4 23 0 0
4 24 0 1
4 25 2 0
4 26 0 1
4 27 2 0
4 28 0 3
4 29 2 0
4 30 0 1
4 31 3 0
4 32 0 2
4 33 2 0
4 34 0 0
4 35 1 0
4 36 0 0
4 37 2 0
4 38 0 2
4 39 0 0
4 40 0 2
4 41 0 0
4 42 0 2
4 43 1 0
4 44 0 0
4 45 3 0
4 46 0 2
4 47 0 0
4 48 0 0
4 49 0 0
4 50 0 2
4 51 2 0
4 52 0 0
4 53 0 0
4 54 0 2
4 55 0 0
4 56 0 3
4 57 3 0
4 58 0 0
4 59 3 0
5 0 0 0
5 1 3 0
5 2 0 3
5 3 1 0
5 4 0 0
5 5 3 0
5 6 0 3
5 7 2 0
5 8 0 2
5 9 1 0
5 10 0 2
5 11 1 0
5 12 0 2
5 13 0 0
5 14 0 0
5 15 3 0
5 16 0 3
5 17 3 0
5 18 0 0
5 19 3 0
5 20 0 3
5 21 0 0
5 22 0 1
5 23 1 0
5 24 0 0
5 25 1 0
5 26 0 2
5 27 2 0
5 28 0 1
5 29 3 0
5 30 0 2
5 31 2 0
5 32 0 1
5 33 2 0
5 34 0 0
5 35 2 0
5 36 0 0
5 37 3 0
5 38 0 0
5 39 2 0
5 40 0 0
5 41 2 0
5 42 0 1
5 43 0 0
5 44 0 1
5 45 3 0
5 46 0 2
5 47 3 0
5 48 0 1
5 49 1 0
5 50 0 1
5 51 1 0
5 52 0 2
5 53 3 0
5 54 0 2
5 55 1 0
5 56 0 3
5 57 1 0
5 58 0 1
5 59 2 0
6 0 0 2
6 1 1 0
6 2 0 3
6 3 3 0
6 4 0 1
6 5 3 0
6 6 0 1
6 7 1 0
6 8 0 0
6 9 0 0
6 10 0 2
6 11 0 0
6 12 0 0
6 13 1 0
6 14 0 0
6 15 1 0
6 16 0 0
6 17 1 0
6 18 0 2
6 19 1 0
6 20 0 3
6 21 2 0
6 22 0 1
6 23 1 0
6 24 0 3
6 25 0 0
6 26 0 3
6 27 0 0
6 28 0 1
6 29 3 0
6 30 0 3
6 31 1 0
6 32 0 2
6 33 2 0
6 34 0 0
6 35 2 0
6 36 0 0
6 37 3 0
6 38 0 1
6 39 2 0
6 40 0 3
6 41 0 0
6 42 0 2
6 43 0 0
6 44 0 0
6 45 2 0
6 46 0 1
6 47 1 0
6 48 0 2
6 49 0 0
6 50 0 3
6 51 2 0
6 52 0 0
6 53 0 0
6 54 0 1
6 55 3 0
6 56 0 0
6 57 3 0
6 58 0 3
6 59 1 0
7 0 0 3
7 1 0 0
7 2 0 0
7 3 2 0
7 4 0 2
7 5 0 0
7 6 0 3
7 7 0 0
7 8 0 2
7 9 1 0
7 10 0 0
7 11 1 0
7 12 0 1
7 13 2 0
7 14 0 2
7 15 2 0
7 16 0 0
7 17 1 0
7 18 0 2
7 19 3 0
7 20 0 3
7 21 2 0
7 22 0 2
7 23 0 0
7 24 0 0
7 25 1 0
7 26 0 0
7 27 0 0
7 28 0 3
7 29 0 0
7 30 0 2
7 31 1 0
7 32 0 3
7 33 2 0
7 34 0 1
7 35 1 0
7 36 0 0
7 37 1 0
7 38 0 2
7 39 0 0
7 40 0 0
7 41 1 0
7 42 0 3
7 43 3 0
7 44 0 3
7 45 3 0
7 46 0 0
7 47 2 0
7 48 0 2
7 49 3 0
7 50 0 3
7 51 3 0
7 52 0 3
7 53 2 0
7 54 0 1
7 55 1 0
7 56 0 3
7 57 1 0
7 58 0 2
7 59 3 0
8 0 0 3
8 1 3 0
8 2 0 1
8 3 2 0
8 4 0 3
8 5 3 0
8 6 0 1
8 7 2 0
8 8 0 2
8 9 0 0
8 10 0 1
8 11 2 0
8 12 0 1
8 13 0 0
8 14 0 0
8 15 3 0
8 16 0 3
8 17 2 0
8 18 0 2
8 19 1 0
8 20 0 0
8 21 3 0
8 22 0 2
8 23 2 0
8 24 0 3
8 25 0 0
8 26 0 3
8 27 1 0
8 28 0 1
8 29 2 0
8 30 0 3
8 31 0 0
8 32 0 1
8 33 1 0
8 34 0 2
8 35 2 0
8 36 0 3
8 37 2 0
8 38 0 0
8 39 2 0
8 40 0 0
8 41 2 0
8 42 0 2
8 43 2 0
8 44 0 1
8 45 0 0
8 46 0 1
8 47 1 0
8 48 0 3
8 49 3 0
8 50 0 0
8 51 2 0
8 52 0 1
8 53 1 0
8 54 0 1
8 55 3 0
8 56 0 1
8 57 1 0
8 58 0 0
8 59 2 0
9 0 0 3
9 1 2 0
9 2 0 0
9 3 3 0
9 4 0 3
9 5 1 0
9 6 0 3
9 7 0 0
9 8 0 1
9 9 0 0
9 10 0 2
9 11 0 0
9 12 0 0
9 13 1 0
9 14 0 3
9 15 1 0
9 16 0 0
9 17 3 0
9 18 0 2
9 19 2 0
9 20 0 3
9 21 2 0
9 22 0 0
9 23 1 0
9 24 0 1
9 25 2 0
9 26 0 3
9 27 2 0
9 28 0 3
9 29 0 0
9 30 0 0
9 31 2 0
9 32 0 0
9 33 0 0
9 34 0 3
9 35 1 0
9 36 0 0
9 37 0 0
9 38 0 3
9 39 1 0
9 40 0 3
9 41 3 0
9 42 0 0
9 43 0 0
9 44 0 0
9 45 3 0
9 46 0 3
9 47 2 0
9 48 0 3
9 49 0 0
9 50 0 1
9 51 0 0
9 52 0 1
9 53 3 0
9 54 0 0
9 55 3 0
9 56 0 0
9 57 0 0
9 58 0 0
9 59 3 0
10 0 0 1
10 1 1 0
10 2 0 0
10 3 0 0
10 4 0 0
10 5 0 0
10 6 0 2
10 7 1 0
10 8 0 0
10 9 0 0
10 10 0 3
10 11 3 0
10 12 0 0
10 13 1 0
10 14 0 1
10 15 2 0
10 16 0 3
10 17 3 0
10 18 0 2
10 19 1 0
10 20 0 1
10 21 0 0
10 22 0 0
10 23 1 0
10 24 0 3
10 25 3 0
10 26 0 3
10 27 2 0
10 28 0 3
10 29 1 0
10 30 0 1
10 31 2 0
10 32 0 1
10 33 0 0
10 34 0 3
10 35 0 0
10 36 0 0
10 37 3 0
10 38 0 1
10 39 3 0
10 40 0 3
10 41 3 0
10 42 0 2
10 43 0 0
10 44 0 0
10 45 1 0
10 46 0 1
10 47 3 0
10 48 0 1
10 49 2 0
10 50 0 1
10 51 2 0
10 52 0 2
10 53 1 0
10 54 0 2
10 55 1 0
10 56 0 0
10 57 1 0
10 58 0 2
10 59 0 0
11 0 0 1
11 1 1 0
11 2 0 0
11 3 0 0
11 4 0 1
11 5 1 0
11 6 0 1
11 7 3 0
11 8 0 3
11 9 0 0
11 10 0 2
11 11 3 0
11 12 0 2
11 13 0 0
11 14 0 0
11 15 3 0
11 16 0 0
11 17 0 0
11 18 0 0
11 19 2 0
11 20 0 2
11 21 2 0
11 22 0 3
11 23 2 0
11 24 0 2
11 25 1 0
11 26 0 3
11 27 2 0
11 28 0 0
11 29 1 0
11 30 0 3
11 31 0 0
11 32 0 2
11 33 2 0
11 34 0 3
11 35 0 0
11 36 0 0
11 37 1 0
11 38 0 2
11 39 0 0
11 40 0 0
11 41 3 0
11 42 0 3
11 43 2 0
11 44 0 0
11 45 0 0
11 46 0 1
11 47 0 0
11 48 0 3
11 49 0 0
11 50 0 3
11 51 3 0
11 52 0 3
11 53 1 0
11 54 0 0
11 55 0 0
11 56 0 2
11 57 0 0
11 58 0 3
11 59 2 0
12 0 0 0
12 1 0 0
12 2 0 0
12 3 3 0
12 4 0 2
12 5 2 0
12 6 0 2
12 7 2 0
12 8 0 3
12 9 3 0
12 10 0 3
12 11 3 0
12 12 0 2
12 13 0 0
12 14 0 3
12 15 2 0
12 16 0 1
12 17 1 0
12 18 0 1
12 19 0 0
12 20 0 1
12 21 3 0
12 22 0 1
12 23 2 0
12 24 0 3
12 25 2 0
12 26 0 0
12 27 0 0
12 28 0 1
12 29 0 0
12 30 0 3
12 31 0 0
12 32 0 3
12 33 0 0
12 34 0 0
12 35 0 0
12 36 0 2
12 37 0 0
12 38 0 3
12 39 3 0
12 40 0 0
12 41 3 0
12 42 0 3
12 43 0 0
12 44 0 2
12 45 0 0
12 46 0 2
12 47 1 0
12 48 0 1
12 49 1 0
12 50 0 1
12 51 2 0
12 52 0 2
12 53 0 0
12 54 0 2
12 55 0 0
12 56 0 2
12 57 2 0
12 58 0 0
12 59 2 0
13 0 0 3
13 1 3 0
13 2 0 2
13 3 0 0
13 4 0 1
13 5 3 0
13 6 0 0
13 7 3 0
13 8 0 1
13 9 0 0
13 10 0 0
13 11 2 0
13 12 0 1
13 13 2 0
13 14 0 2
13 15 3 0
13 16 0 2
13 17 1 0
13 18 0 1
13 19 3 0
13 20 0 1
13 21 3 0
13 22 0 0
13 23 2 0
13 24 0 3
13 25 0 0
13 26 0 2
13 27 0 0
13 28 0 1
13 29 3 0
13 30 0 2
13 31 3 0
13 32 0 0
13 33 0 0
13 34 0 0
13 35 2 0
13 36 0 2
13 37 0 0
13 38 0 2
13 39 0 0
13 40 0 3
13 41 3 0
13 42 0 0
13 43 3 0
13 44 0 1
13 45 3 0
13 46 0 0
13 47 1 0
13 48 0 1
13 49 1 0
13 50 0 3
13 51 2 0
13 52 0 0
13 53 3 0
13 54 0 2
13 55 0 0
13 56 0 2
13 57 1 0
13 58 0 2
13 59 2 0
14 0 0 2
14 1 3 0
14 2 0 0
14 3 2 0
14 4 0 1
14 5 3 0
14 6 0 1
14 7 3 0
14 8 0 2
14 9 0 0
14 10 0 0
14 11 3 0
14 12 0 1
14 13 3 0
14 14 0 3
14 15 2 0
14 16 0 0
14 17 2 0
14 18 0 2
14 19 1 0
14 20 0 3
14 21 0 0
14 22 0 0
14 23 0 0
14 24 0 2
14 25 2 0
14 26 0 0
14 27 1 0
14 28 0 1
14 29 1 0
14 30 0 1
14 31 2 0
14 32 0 3
14 33 2 0
14 34 0 2
14 35 3 0
14 36 0 0
14 37 0 0
14 38 0 2
14 39 2 0
14 40 0 2
14 41 2 0
14 42 0 1
14 43 1 0
14 44 0 1
14 45 2 0
14 46 0 2
14 47 3 0
14 48 0 3
14 49 3 0
14 50 0 3
14 51 0 0
14 52 0 1
14 53 0 0
14 54 0 0
14 55 0 0
14 56 0 3
14 57 3 0
14 58 0 0
14 59 0 0
15 0 0 0
15 1 3 0
15 2 0 3
15 3 1 0
15 4 0 0
15 5 2 0
15 6 0 2
15 7 3 0
15 8 0 0
15 9 0 0
15 10 0 2
15 11 3 0
15 12 0 1
15 13 1 0
15 14 0 1
15 15 1 0
15 16 0 1
15 17 3 0
15 18 0 3
15 19 3 0
15 20 0 1
15 21 2 0
15 22 0 3
15 23 0 0
15 24 0 1
15 25 3 0
15 26 0 0
15 27 2 0
15 28 0 0
15 29 2 0
15 30 0 0
15 31 1 0
15 32 0 1
15 33 3 0
15 34 0 0
15 35 2 0
15 36 0 3
15 37 1 0
15 38 0 2
15 39 0 0
15 40 0 2
15 41 2 0
15 42 0 1
15 43 2 0
15 44 0 3
15 45 0 0
15 46 0 1
15 47 3 0
15 48 0 0
15 49 3 0
15 50 0 0
15 51 1 0
15 52 0 2
15 53 0 0
15 54 0 3
15 55 3 0
15 56 0 1
15 57 0 0
15 58 0 3
15 59 3 0
16 0 0 0
16 1 3 0
16 2 0 0
16 3 0 0
16 4 0 2
16 5 2 0
16 6 0 1
16 7 1 0
16 8 0 2
16 9 1 0
16 10 0 1
16 11 0 0
16 12 0 0
16 13 2 0
16 14 0 0
16 15 0 0
16 16 0 1
16 17 0 0
16 18 0 0
16 19 0 0
16 20 0 3
16 21 1 0
16 22 0 1
16 23 1 0
16 24 0 2
16 25 0 0
16 26 0 1
16 27 0 0
16 28 0 1
16 29 3 0
16 30 0 1
16 31 2 0
16 32 0 3
16 33 3 0
16 34 0 2
16 35 2 0
16 36 0 2
16 37 3 0
16 38 0 1
16 39 2 0
16 40 0 0
16 41 1 0
16 42 0 3
16 43 2 0
16 44 0 0
16 45 0 0
16 46 0 1
16 47 0 0
16 48 0 2
16 49 3 0
16 50 0 2
16 51 2 0
16 52 0 0
16 53 1 0
16 54 0 0
16 55 0 0
16 56 0 2
16 57 2 0
16 58 0 3
16 59 3 0
17 0 0 3
17 1 1 0
17 2 0 2
17 3 3 0
17 4 0 1
17 5 1 0
17 6 0 0
17 7 2 0
17 8 0 1
17 9 2 0
17 10 0 0
17 11 2 0
17 12 0 1
17 13 2 0
17 14 0 1
17 15 3 0
17 16 0 1
17 17 1 0
17 18 0 2
17 19 2 0
17 20 0 2
17 21 0 0
17 22 0 3
17 23 3 0
17 24 0 1
17 25 3 0
17 26 0 3
17 27 1 0
17 28 0 1
17 29 3 0
17 30 0 0
17 31 1 0
17 32 0 1
17 33 1 0
17 34 0 3
17 35 2 0
17 36 0 3
17 37 1 0
17 38 0 1
17 39 0 0
17 40 0 0
17 41 3 0
17 42 0 2
17 43 0 0
17 44 0 1
17 45 2 0
17 46 0 2
17 47 1 0
17 48 0 0
17 49 0 0
17 50 0 3
17 51 3 0
17 52 0 1
17 53 3 0
17 54 0 0
17 55 3 0
17 56 0 2
17 57 3 0
17 58 0 1
17 59 0 0
18 0 0 3
18 1 2 0
18 2 0 1
18 3 0 0
18 4 0 2
18 5 3 0
18 6 0 2
18 7 0 0
18 8 0 0
18 9 3 0
18 10 0 1
18 11 0 0
18 12 0 2
18 13 3 0
18 14 0 0
18 15 0 0
18 16 0 1
18 17 3 0
18 18 0 2
18 19 2 0
18 20 0 3
18 21 1 0
18 22 0 2
18 23 1 0
18 24 0 3
18 25 0 0
18 26 0 0
18 27 0 0
18 28 0 1
18 29 2 0
18 30 0 2
18 31 1 0
18 32 0 0
18 33 3 0
18 34 0 0
18 35 2 0
18 36 0 2
18 37 3 0
18 38 0 1
18 39 0 0
18 40 0 0
18 41 3 0
18 42 0 0
18 43 3 0
18 44 0 3
18 45 1 0
18 46 0 1
18 47 2 0
18 48 0 0
18 49 0 0
18 50 0 1
18 51 1 0
18 52 0 0
18 53 1 0
18 54 0 1
18 55 2 0
18 56 0 1
18 57 0 0
18 58 0 3
18 59 0 0
19 0 0 0
19 1 3 0
19 2 0 3
19 3 0 0
19 4 0 1
19 5 2 0
19 6 0 3
19 7 3 0
19 8 0 2
19 9 2 0
19 10 0 0
19 11 2 0
19 12 0 3
19 13 2 0
19 14 0 3
19 15 3 0
19 16 0 3
19 17 1 0
19 18 0 1
19 19 3 0
19 20 0 2
19 21 2 0
19 22 0 3
19 23 3 0
19 24 0 1
19 25 2 0
19 26 0 3
19 27 1 0
19 28 0 2
19 29 2 0
19 30 0 1
19 31 2 0
19 32 0 2
19 33 2 0
19 34 0 2
19 35 2 0
19 36 0 0
19 37 0 0
19 38 0 1
19 39 1 0
19 40 0 0
19 41 2 0
19 42 0 1
19 43 2 0
19 44 0 2
19 45 3 0
19 46 0 1
19 47 3 0
19 48 0 3
19 49 3 0
19 50 0 0
19 51 2 0
19 52 0 0
19 53 3 0
19 54 0 1
19 55 2 0
19 56 0 2
19 57 2 0
19 58 0 0
19 59 3 0
20 0 0 3
20 1 2 0
20 2 0 3
20 3 2 0
20 4 0 3
20 5 0 0
20 6 0 1
20 7 2 0
20 8 0 0
20 9 3 0
20 10 0 3
20 11 2 0
20 12 0 2
20 13 1 0
20 14 0 2
20 15 0 0
20 16 0 0
20 17 3 0
20 18 0 2
20 19 0 0
20 20 0 2
20 21 0 0
20 22 0 3
20 23 3 0
20 24 0 0
20 25 2 0
20 26 0 2
20 27 0 0
20 28 0 1
20 29 0 0
20 30 0 0
20 31 3 0
20 32 0 2
20 33 1 0
20 34 0 0
20 35 0 0
20 36 0 3
20 37 0 0
20 38 0 0
20 39 0 0
20 40 0 2
20 41 1 0
20 42 0 3
20 43 1 0
20 44 0 3
20 45 3 0
20 46 0 2
20 47 1 0
20 48 0 1
20 49 0 0
20 50 0 3
20 51 3 0
20 52 0 0
20 53 3 0
20 54 0 1
20 55 2 0
20 56 0 0
20 57 3 0
20 58 0 3
20 59 0 0
21 0 0 0
21 1 1 0
21 2 0 0
21 3 1 0
21 4 0 1
21 5 1 0
21 6 0 0
21 7 1 0
21 8 0 3
21 9 2 0
21 10 0 1
21 11 1 0
21 12 0 3
21 13 2 0
21 14 0 3
21 15 2 0
21 16 0 0
21 17 2 0
21 18 0 1
21 19 0 0
21 20 0 1
21 21 0 0
21 22 0 3
21 23 1 0
21 24 0 1
21 25 0 0
21 26 0 2
21 27 0 0
21 28 0 3
21 29 2 0
21 30 0 2
21 31 3 0
21 32 0 2
21 33 3 0
21 34 0 3
21 35 1 0
21 36 0 3
21 37 0 0
21 38 0 3
21 39 0 0
21 40 0 2
21 41 2 0
21 42 0 2
21 43 0 0
21 44 0 0
21 45 0 0
21 46 0 3
21 47 2 0
21 48 0 0
21 49 0 0
21 50 0 0
21 51 2 0
21 52 0 1
21 53 2 0
21 54 0 1
21 55 1 0
21 56 0 1
21 57 3 0
21 58 0 2
21 59 0 0
22 0 0 2
22 1 0 0
22 2 0 1
22 3 0 0
22 4 0 0
22 5 0 0
22 6 0 1
22 7 3 0
22 8 0 0
22 9 2 0
22 10 0 2
22 11 1 0
22 12 0 0
22 13 0 0
22 14 0 2
22 15 1 0
22 16 0 0
22 17 1 0
22 18 0 1
22 19 0 0
22 20 0 3
22 21 0 0
22 22 0 2
22 23 1 0
22 24 0 0
22 25 3 0
22 26 0 0
22 27 0 0
22 28 0 1
22 29 1 0
22 30 0 2
22 31 2 0
22 32 0 0
22 33 0 0
22 34 0 3
22 35 2 0
22 36 0 0
22 37 3 0
22 38 0 2
22 39 0 0
22 40 0 1
22 41 1 0
22 42 0 0
22 43 1 0
22 44 0 1
22 45 1 0
22 46 0 1
22 47 0 0
22 48 0 0
22 49 0 0
22 50 0 3
22 51 0 0
22 52 0 1
22 53 2 0
22 54 0 3
22 55 3 0
22 56 0 2
22 57 1 0
22 58 0 1
22 59 0 0
23 0 0 0
23 1 1 0
23 2 0 1
23 3 2 0
23 4 0 1
23 5 2 0
23 6 0 0
23 7 0 0
23 8 0 0
23 9 1 0
23 10 0 3
23 11 3 0
23 12 0 0
23 13 3 0
23 14 0 1
23 15 2 0
23 16 0 2
23 17 0 0
23 18 0 0
23 19 1 0
23 20 0 2
23 21 1 0
23 22 0 0
23 23 2 0
23 24 0 2
23 25 3 0
23 26 0 3
23 27 3 0
23 28 0 3
23 29 2 0
23 30 0 2
23 31 3 0
23 32 0 3
23 33 3 0
23 34 0 3
23 35 1 0
23 36 0 1
23 37 2 0
23 38 0 1
23 39 3 0
23 40 0 3
23 41 1 0
23 42 0 3
23 43 0 0
23 44 0 3
23 45 3 0
23 46 0 1
23 47 2 0
23 48 0 2
23 49 1 0
23 50 0 1
23 51 1 0
23 52 0 0
23 53 1 0
23 54 0 0
23 55 3 0
23 56 0 3
23 57 2 0
23 58 0 3
23 59 1 0
24 0 0 0
24 1 1 0
24 2 0 2
24 3 0 0
24 4 0 0
24 5 3 0
24 6 0 0
24 7 2 0
24 8 0 0
24 9 1 0
24 10 0 0
24 11 1 0
24 12 0 2
24 13 2 0
24 14 0 2
24 15 3 0
24 16 0 2
24 17 1 0
24 18 0 1
24 19 1 0
24 20 0 1
24 21 1 0
24 22 0 2
24 23 3 0
24 24 0 1
24 25 2 0
24 26 0 3
24 27 1 0
24 28 0 3
24 29 3 0
24 30 0 2
24 31 2 0
24 32 0 0
24 33 2 0
24 34 0 1
24 35 0 0
24 36 0 1
24 37 2 0
24 38 0 1
24 39 1 0
24 40 0 3
24 41 2 0
24 42 0 0
24 43 1 0
24 44 0 3
24 45 3 0
24 46 0 1
24 47 1 0
24 48 0 3
24 49 1 0
24 50 0 3
24 51 1 0
24 52 0 0
24 53 2 0
24 54 0 3
24 55 3 0
24 56 0 2
24 57 2 0
24 58 0 2
24 59 2 0
25 0 0 2
25 1 2 0
25 2 0 0
25 3 1 0
25 4 0 3
25 5 2 0
25 6 0 0
25 7 1 0
25 8 0 1
25 9 3 0
25 10 0 1
25 11 2 0
25 12 0 1
25 13 1 0
25 14 0 2
25 15 3 0
25 16 0 0
25 17 1 0
25 18 0 2
25 19 1 0
25 20 0 0
25 21 0 0
25 22 0 2
25 23 0 0
25 24 0 1
25 25 2 0
25 26 0 2
25 27 2 0
25 28 0 1
25 29 1 0
25 30 0 0
25 31 2 0
25 32 0 1
25 33 0 0
25 34 0 1
25 35 2 0
25 36 0 2
25 37 0 0
25 38 0 1
25 39 1 0
25 40 0 0
25 41 2 0
25 42 0 0
25 43 2 0
25 44 0 2
25 45 2 0
25 46 0 3
25 47 3 0
25 48 0 0
25 49 2 0
25 50 0 3
25 51 3 0
25 52 0 0
25 53 1 0
25 54 0 3
25 55 1 0
25 56 0 2
25 57 1 0
25 58 0 1
25 59 3 0
26 0 0 0
26 1 1 0
26 2 0 1
26 3 3 0
26 4 0 3
26 5 3 0
26 6 0 2
26 7 1 0
26 8 0 3
26 9 0 0
26 10 0 2
26 11 3 0
26 12 0 3
26 13 3 0
26 14 0 2
26 15 0 0
26 16 0 3
26 17 2 0
26 18 0 0
26 19 2 0
26 20 0 0
26 21 1 0
26 22 0 0
26 23 0 0
26 24 0 3
26 25 0 0
26 26 0 3
26 27 0 0
26 28 0 2
26 29 1 0
26 30 0 3
26 31 2 0
26 32 0 2
26 33 0 0
26 34 0 1
26 35 3 0
26 36 0 0
26 37 1 0
26 38 0 1
26 39 3 0
26 40 0 0
26 41 2 0
26 42 0 2
26 43 3 0
26 44 0 1
26 45 3 0
26 46 0 0
26 47 0 0
26 48 0 2
26 49 0 0
26 50 0 0
26 51 3 0
26 52 0 2
26 53 2 0
26 54 0 3
26 55 2 0
26 56 0 2
26 57 2 0
26 58 0 3
26 59 1 0
27 0 0 2
27 1 0 0
27 2 0 0
27 3 3 0
27 4 0 3
27 5 1 0
27 6 0 1
27 7 1 0
27 8 0 0
27 9 2 0
27 10 0 0
27 11 2 0
27 12 0 0
27 13 3 0
27 14 0 2
27 15 2 0
27 16 0 2
27 17 1 0
27 18 0 1
27 19 2 0
27 20 0 1
27 21 0 0
27 22 0 3
27 23 2 0
27 24 0 0
27 25 1 0
27 26 0 2
27 27 3 0
27 28 0 3
27 29 1 0
27 30 0 2
27 31 1 0
27 32 0 0
27 33 1 0
27 34 0 1
27 35 2 0
27 36 0 0
27 37 0 0
27 38 0 0
27 39 1 0
27 40 0 3
27 41 0 0
27 42 0 3
27 43 1 0
27 44 0 0
27 45 2 0
27 46 0 1
27 47 3 0
27 48 0 2
27 49 1 0
27 50 0 1
27 51 3 0
27 52 0 3
27 53 2 0
27 54 0 2
27 55 3 0
27 56 0 1
27 57 3 0
27 58 0 0
27 59 2 0
28 0 0 0
28 1 3 0
28 2 0 1
28 3 3 0
28 4 0 2
28 5 0 0
28 6 0 0
28 7 0 0
28 8 0 0
28 9 2 0
28 10 0 2
28 11 0 0
28 12 0 2
28 13 1 0
28 14 0 0
28 15 1 0
28 16 0 2
28 17 3 0
28 18 0 3
28 19 2 0
28 20 0 1
28 21 3 0
28 22 0 0
28 23 2 0
28 24 0 1
28 25 3 0
28 26 0 0
28 27 3 0
28 28 0 2
28 29 3 0
28 30 0 1
28 31 0 0
28 32 0 1
28 33 3 0
28 34 0 2
28 35 3 0
28 36 0 3
28 37 2 0
28 38 0 3
28 39 0 0
28 40 0 3
28 41 2 0
28 42 0 3
28 43 1 0
28 44 0 0
28 45 0 0
28 46 0 1
28 47 3 0
28 48 0 0
28 49 2 0
28 50 0 0
28 51 3 0
28 52 0 0
28 53 0 0
28 54 0 3
28 55 3 0
28 56 0 2
28 57 2 0
28 58 0 1
28 59 1 0
29 0 0 1
29 1 1 0
29 2 0 1
29 3 0 0
29 4 0 0
29 5 2 0
29 6 0 3
29 7 2 0
29 8 0 0
29 9 1 0
29 10 0 2
29 11 2 0
29 12 0 1
29 13 0 0
29 14 0 0
29 15 0 0
29 16 0 1
29 17 1 0
29 18 0 1
29 19 0 0
29 20 0 1
29 21 3 0
29 22 0 0
29 23 3 0
29 24 0 2
29 25 2 0
29 26 0 1
29 27 2 0
29 28 0 2
29 29 3 0
29 30 0 1
29 31 1 0
29 32 0 0
29 33 1 0
29 34 0 1
29 35 1 0
29 36 0 3
29 37 3 0
29 38 0 3
29 39 3 0
29 40 0 0
29 41 3 0
29 42 0 3
29 43 3 0
29 44 0 3
29 45 0 0
29 46 0 0
29 47 1 0
29 48 0 2
29 49 1 0
29 50 0 0
29 51 3 0
29 52 0 2
29 53 3 0
29 54 0 0
29 55 1 0
29 56 0 0
29 57 0 0
29 58 0 2
29 59 0 0
30 0 0 1
30 1 2 0
30 2 0 1
30 3 3 0
30 4 0 2
30 5 0 0
30 6 0 0
30 7 2 0
30 8 0 1
30 9 2 0
30 10 0 3
30 11 2 0
30 12 0 2
30 13 3 0
30 14 0 0
30 15 2 0
30 16 0 0
30 17 2 0
30 18 0 3
30 19 0 0
30 20 0 1
30 21 3 0
30 22 0 3
30 23 1 0
30 24 0 1
30 25 1 0
30 26 0 3
30 27 1 0
30 28 0 0
30 29 3 0
30 30 0 2
30 31 0 0
30 32 0 3
30 33 0 0
30 34 0 3
30 35 0 0
30 36 0 0
30 37 1 0
30 38 0 2
30 39 0 0
30 40 0 2
30 41 3 0
30 42 0 1
30 43 3 0
30 44 0 1
30 45 2 0
30 46 0 0
30 47 3 0
30 48 0 0
30 49 3 0
30 50 0 1
30 51 2 0
30 52 0 0
30 53 3 0
30 54 0 1
30 55 0 0
30 56 0 0
30 57 2 0
30 58 0 1
30 59 3 0
31 0 0 0
31 1 1 0
31 2 0 2
31 3 2 0
31 4 0 1
31 5 0 0
31 6 0 1
31 7 3 0
31 8 0 0
31 9 0 0
31 10 0 3
31 11 1 0
31 12 0 3
31 13 2 0
31 14 0 3
31 15 2 0
31 16 0 2
31 17 3 0
31 18 0 3
31 19 2 0
31 20 0 3
31 21 2 0
31 22 0 3
31 23 2 0
31 24 0 3
31 25 1 0
31 26 0 2
31 27 2 0
31 28 0 2
31 29 0 0
31 30 0 3
31 31 0 0
31 32 0 3
31 33 0 0
31 34 0 1
31 35 2 0
31 36 0 2
31 37 2 0
31 38 0 3
31 39 0 0
31 40 0 0
31 41 2 0
31 42 0 0
31 43 0 0
31 44 0 3
31 45 0 0
31 46 0 0
31 47 0 0
31 48 0 3
31 49 2 0
31 50 0 2
31 51 3 0
31 52 0 2
31 53 3 0
31 54 0 0
31 55 0 0
31 56 0 0
31 57 2 0
31 58 0 2
31 59 2 0
32 0 0 0
32 1 1 0
32 2 0 3
32 3 3 0
32 4 0 1
32 5 2 0
32 6 0 3
32 7 1 0
32 8 0 2
32 9 2 0
32 10 0 3
32 11 3 0
32 12 0 3
32 13 1 0
32 14 0 0
32 15 1 0
32 16 0 2
32 17 0 0
32 18 0 0
32 19 0 0
32 20 0 3
32 21 3 0
32 22 0 3
32 23 3 0
32 24 0 3
32 25 3 0
32 26 0 0
32 27 1 0
32 28 0 1
32 29 0 0
32 30 0 2
32 31 0 0
32 32 0 0
32 33 0 0
32 34 0 3
32 35 0 0
32 36 0 3
32 37 3 0
32 38 0 0
32 39 2 0
32 40 0 2
32 41 1 0
32 42 0 3
32 43 1 0
32 44 0 2
32 45 3 0
32 46 0 3
32 47 0 0
32 48 0 0
32 49 2 0
32 50 0 0
32 51 2 0
32 52 0 2
32 53 2 0
32 54 0 0
32 55 1 0
32 56 0 0
32 57 1 0
32 58 0 0
32 59 0 0
33 0 0 1
33 1 1 0
33 2 0 1
33 3 1 0
33 4 0 0
33 5 2 0
33 6 0 3
33 7 3 0
33 8 0 0
33 9 1 0
33 10 0 1
33 11 1 0
33 12 0 0
33 13 2 0
33 14 0 2
33 15 1 0
33 16 0 3
33 17 3 0
33 18 0 2
33 19 2 0
33 20 0 1
33 21 3 0
33 22 0 3
33 23 3 0
33 24 0 0
33 25 0 0
33 26 0 1
33 27 1 0
33 28 0 1
33 29 1 0
33 30 0 2
33 31 1 0
33 32 0 0
33 33 1 0
33 34 0 3
33 35 0 0
33 36 0 3
33 37 1 0
33 38 0 1
33 39 1 0
33 40 0 0
33 41 2 0
33 42 0 1
33 43 2 0
33 44 0 2
33 45 1 0
33 46 0 0
33 47 3 0
33 48 0 0
33 49 2 0
33 50 0 3
33 51 2 0
33 52 0 2
33 53 1 0
33 54 0 1
33 55 1 0
33 56 0 2
33 57 0 0
33 58 0 0
33 59 0 0
34 0 0 0
34 1 3 0
34 2 0 0
34 3 0 0
34 4 0 3
34 5 2 0
34 6 0 0
34 7 1 0
34 8 0 2
34 9 3 0
34 10 0 3
34 11 0 0
34 12 0 3
34 13 1 0
34 14 0 0
34 15 2 0
34 16 0 3
34 17 2 0
34 18 0 2
34 19 0 0
34 20 0 0
34 21 2 0
34 22 0 0
34 23 0 0
34 24 0 2
34 25 2 0
34 26 0 2
34 27 2 0
34 28 0 3
34 29 2 0
34 30 0 3
34 31 1 0
34 32 0 3
34 33 3 0
34 34 0 1
34 35 2 0
34 36 0 0
34 37 2 0
34 38 0 1
34 39 0 0
34 40 0 3
34 41 3 0
34 42 0 0
34 43 3 0
34 44 0 2
34 45 3 0
34 46 0 2
34 47 0 0
34 48 0 0
34 49 2 0
34 50 0 3
34 51 2 0
34 52 0 3
34 53 1 0
34 54 0 1
34 55 1 0
34 56 0 1
34 57 1 0
34 58 0 3
34 59 1 0
35 0 0 3
35 1 3 0
35 2 0 1
35 3 0 0
35 4 0 1
35 5 2 0
35 6 0 2
35 7 1 0
35 8 0 1
35 9 0 0
35 10 0 0
35 11 2 0
35 12 0 0
35 13 1 0
35 14 0 0
35 15 3 0
35 16 0 3
35 17 2 0
35 18 0 0
35 19 0 0
35 20 0 0
35 21 0 0
35 22 0 3
35 23 3 0
35 24 0 2
35 25 2 0
35 26 0 0
35 27 3 0
35 28 0 0
35 29 3 0
35 30 0 3
35 31 3 0
35 32 0 2
35 33 2 0
35 34 0 2
35 35 1 0
35 36 0 3
35 37 3 0
35 38 0 1
35 39 3 0
35 40 0 2
35 41 0 0
35 42 0 3
35 43 1 0
35 44 0 0
35 45 2 0
35 46 0 3
35 47 2 0
35 48 0 0
35 49 0 0
35 50 0 1
35 51 2 0
35 52 0 3
35 53 0 0
35 54 0 2
35 55 2 0
35 56 0 0
35 57 2 0
35 58 0 3
35 59 0 0
36 0 0 2
36 1 3 0
36 2 0 2
36 3 3 0
36 4 0 1
36 5 2 0
36 6 0 3
36 7 0 0
36 8 0 3
36 9 2 0
36 10 0 0
36 11 0 0
36 12 0 1
36 13 3 0
36 14 0 2
36 15 3 0
36 16 0 0
36 17 1 0
36 18 0 2
36 19 2 0
36 20 0 1
36 21 0 0
36 22 0 1
36 23 3 0
36 24 0 1
36 25 2 0
36 26 0 0
36 27 0 0
36 28 0 1
36 29 0 0
36 30 0 1
36 31 3 0
36 32 0 3
36 33 0 0
36 34 0 0
36 35 1 0
36 36 0 3
36 37 2 0
36 38 0 2
36 39 2 0
36 40 0 3
36 41 0 0
36 42 0 2
36 43 2 0
36 44 0 0
36 45 0 0
36 46 0 3
36 47 0 0
36 48 0 2
36 49 2 0
36 50 0 0
36 51 1 0
36 52 0 0
36 53 3 0
36 54 0 0
36 55 2 0
36 56 0 2
36 57 3 0
36 58 0 2
36 59 3 0
37 0 0 1
37 1 0 0
37 2 0 2
37 3 1 0
37 4 0 3
37 5 1 0
37 6 0 2
37 7 1 0
37 8 0 0
37 9 3 0
37 10 0 1
37 11 2 0
37 12 0 2
37 13 0 0
37 14 0 0
37 15 3 0
37 16 0 2
37 17 3 0
37 18 0 0
37 19 2 0
37 20 0 0
37 21 1 0
37 22 0 1
37 23 3 0
37 24 0 3
37 25 3 0
37 26 0 3
37 27 3 0
37 28 0 3
37 29 2 0
37 30 0 3
37 31 1 0
37 32 0 1
37 33 2 0
37 34 0 2
37 35 0 0
37 36 0 3
37 37 3 0
37 38 0 3
37 39 3 0
37 40 0 1
37 41 3 0
37 42 0 0
37 43 0 0
37 44 0 0
37 45 2 0
37 46 0 1
37 47 2 0
37 48 0 3
37 49 0 0
37 50 0 0
37 51 3 0
37 52 0 2
37 53 3 0
37 54 0 2
37 55 2 0
37 56 0 1
37 57 2 0
37 58 0 1
37 59 2 0
38 0 0 3
38 1 3 0
38 2 0 0
38 3 1 0
38 4 0 0
38 5 2 0
38 6 0 2
38 7 2 0
38 8 0 1
38 9 0 0
38 10 0 3
38 11 0 0
38 12 0 0
38 13 1 0
38 14 0 1
38 15 1 0
38 16 0 2
38 17 2 0
38 18 0 0
38 19 3 0
38 20 0 0
38 21 0 0
38 22 0 3
38 23 2 0
38 24 0 2
38 25 3 0
38 26 0 2
38 27 0 0
38 28 0 2
38 29 3 0
38 30 0 2
38 31 0 0
38 32 0 2
38 33 2 0
38 34 0 3
38 35 0 0
38 36 0 2
38 37 1 0
38 38 0 1
38 39 3 0
38 40 0 3
38 41 3 0
38 42 0 2
38 43 3 0
38 44 0 3
38 45 1 0
38 46 0 2
38 47 0 0
38 48 0 3
38 49 0 0
38 50 0 0
38 51 3 0
38 52 0 3
38 53 1 0
38 54 0 2
38 55 0 0
38 56 0 2
38 57 1 0
38 58 0 1
38 59 0 0
39 0 0 3
39 1 3 0
39 2 0 2
39 3 0 0
39 4 0 0
39 5 0 0
39 6 0 2
39 7 0 0
39 8 0 3
39 9 2 0
39 10 0 3
39 11 1 0
39 12 0 1
39 13 0 0
39 14 0 1
39 15 0 0
39 16 0 1
39 17 0 0
39 18 0 2
39 19 1 0
39 20 0 3
39 21 1 0
39 22 0 2
39 23 1 0
39 24 0 2
39 25 1 0
39 26 0 0
39 27 3 0
39 28 0 0
39 29 1 0
39 30 0 3
39 31 3 0
39 32 0 3
39 33 0 0
39 34 0 2
39 35 2 0
39 36 0 2
39 37 0 0
39 38 0 0
39 39 3 0
39 40 0 0
39 41 1 0
39 42 0 0
39 43 2 0
39 44 0 1
39 45 3 0
39 46 0 3
39 47 0 0
39 48 0 3
39 49 0 0
39 50 0 1
39 51 0 0
39 52 0 2
39 53 0 0
39 54 0 0
39 55 1 0
39 56 0 0
39 57 0 0
39 58 0 1
39 59 1 0
40 0 0 3
40 1 0 0
40 2 0 0
40 3 3 0
40 4 0 2
40 5 0 0
40 6 0 1
40 7 2 0
40 8 0 3
40 9 2 0
40 10 0 1
40 11 0 0
40 12 0 0
40 13 2 0
40 14 0 1
40 15 1 0
40 16 0 1
40 17 1 0
40 18 0 0
40 19 1 0
40 20 0 0
40 21 3 0
40 22 0 0
40 23 1 0
40 24 0 1
40 25 2 0
40 26 0 1
40 27 3 0
40 28 0 2
40 29 0 0
40 30 0 1
40 31 1 0
40 32 0 0
40 33 0 0
40 34 0 1
40 35 2 0
40 36 0 0
40 37 2 0
40 38 0 3
40 39 1 0
40 40 0 3
40 41 3 0
40 42 0 2
40 43 0 0
40 44 0 3
40 45 2 0
40 46 0 1
40 47 2 0
40 48 0 0
40 49 1 0
40 50 0 0
40 51 1 0
40 52 0 3
40 53 1 0
40 54 0 1
40 55 1 0
40 56 0 3
40 57 1 0
40 58 0 1
40 59 3 0
41 0 0 3
41 1 3 0
41 2 0 1
41 3 3 0
41 4 0 1
41 5 3 0
41 6 0 1
41 7 3 0
41 8 0 2
41 9 3 0
41 10 0 0
41 11 2 0
41 12 0 3
41 13 1 0
41 14 0 2
41 15 2 0
41 16 0 1
41 17 0 0
41 18 0 0
41 19 1 0
41 20 0 2
41 21 3 0
41 22 0 0
41 23 0 0
41 24 0 3
41 25 0 0
41 26 0 2
41 27 3 0
41 28 0 0
41 29 3 0
41 30 0 0
41 31 2 0
41 32 0 3
41 33 0 0
41 34 0 0
41 35 0 0
41 36 0 1
41 37 1 0
41 38 0 0
41 39 3 0
41 40 0 2
41 41 1 0
41 42 0 1
41 43 1 0
41 44 0 1
41 45 2 0
41 46 0 1
41 47 1 0
41 48 0 3
41 49 0 0
41 50 0 3
41 51 3 0
41 52 0 0
41 53 0 0
41 54 0 2
41 55 0 0
41 56 0 1
41 57 2 0
41 58 0 3
41 59 3 0
42 0 0 0
42 1 3 0
42 2 0 3
42 3 3 0
42 4 0 2
42 5 3 0
42 6 0 2
42 7 3 0
42 8 0 0
42 9 0 0
42 10 0 3
42 11 0 0
42 12 0 2
42 13 2 0
42 14 0 1
42 15 2 0
42 16 0 3
42 17 1 0
42 18 0 3
42 19 0 0
42 20 0 0
42 21 2 0
42 22 0 0
42 23 3 0
42 24 0 0
42 25 2 0
42 26 0 1
42 27 3 0
42 28 0 3
42 29 2 0
42 30 0 2
42 31 2 0
42 32 0 0
42 33 1 0
42 34 0 1
42 35 3 0
42 36 0 0
42 37 1 0
42 38 0 3
42 39 0 0
42 40 0 2
42 41 2 0
42 42 0 0
42 43 0 0
42 44 0 2
42 45 1 0
42 46 0 0
42 47 2 0
42 48 0 1
42 49 3 0
42 50 0 0
42 51 0 0
42 52 0 0
42 53 3 0
42 54 0 1
42 55 1 0
42 56 0 0
42 57 3 0
42 58 0 2
42 59 0 0
43 0 0 0
43 1 0 0
43 2 0 1
43 3 2 0
43 4 0 2
43 5 2 0
43 6 0 2
43 7 0 0
43 8 0 2
43 9 1 0
43 10 0 0
43 11 3 0
43 12 0 0
43 13 2 0
43 14 0 1
43 15 2 0
43 16 0 0
43 17 2 0
43 18 0 2
43 19 0 0
43 20 0 1
43 21 2 0
43 22 0 1
43 23 3 0
43 24 0 3
43 25 2 0
43 26 0 2
43 27 2 0
43 28 0 0
43 29 3 0
43 30 0 2
43 31 3 0
43 32 0 0
43 33 0 0
43 34 0 3
43 35 1 0
43 36 0 1
43 37 0 0
43 38 0 2
43 39 0 0
43 40 0 3
43 41 3 0
43 42 0 3
43 43 1 0
43 44 0 1
43 45 1 0
43 46 0 1
43 47 2 0
43 48 0 2
43 49 2 0
43 50 0 0
43 51 0 0
43 52 0 1
43 53 0 0
43 54 0 1
43 55 0 0
43 56 0 2
43 57 3 0
43 58 0 1
43 59 0 0
44 0 0 2
44 1 0 0
44 2 0 2
44 3 0 0
44 4 0 3
44 5 3 0
44 6 0 0
44 7 3 0
44 8 0 2
44 9 1 0
44 10 0 2
44 11 2 0
44 12 0 3
44 13 3 0
44 14 0 2
44 15 0 0
44 16 0 1
44 17 1 0
44 18 0 1
44 19 1 0
44 20 0 3
44 21 0 0
44 22 0 1
44 23 2 0
44 24 0 0
44 25 0 0
44 26 0 0
44 27 3 0
44 28 0 0
44 29 3 0
44 30 0 0
44 31 1 0
44 32 0 0
44 33 0 0
44 34 0 1
44 35 0 0
44 36 0 2
44 37 0 0
44 38 0 1
44 39 2 0
44 40 0 2
44 41 1 0
44 42 0 1
44 43 2 0
44 44 0 3
44 45 2 0
44 46 0 1
44 47 2 0
44 48 0 0
44 49 0 0
44 50 0 0
44 51 2 0
44 52 0 3
44 53 0 0
44 54 0 1
44 55 3 0
44 56 0 2
44 57 3 0
44 58 0 3
44 59 0 0
45 0 0 1
45 1 0 0
45 2 0 2
45 3 0 0
45 4 0 1
45 5 2 0
45 6 0 0
45 7 2 0
45 8 0 0
45 9 3 0
45 10 0 0
45 11 0 0
45 12 0 2
45 13 2 0
45 14 0 3
45 15 1 0
45 16 0 2
45 17 2 0
45 18 0 2
45 19 3 0
45 20 0 3
45 21 1 0
45 22 0 2
45 23 1 0
45 24 0 3
45 25 2 0
45 26 0 0
45 27 2 0
45 28 0 3
45 29 3 0
45 30 0 1
45 31 0 0
45 32 0 1
45 33 0 0
45 34 0 3
45 35 2 0
45 36 0 1
45 37 2 0
45 38 0 1
45 39 2 0
45 40 0 1
45 41 1 0
45 42 0 3
45 43 0 0
45 44 0 1
45 45 2 0
45 46 0 0
45 47 1 0
45 48 0 0
45 49 2 0
45 50 0 3
45 51 1 0
45 52 0 1
45 53 0 0
45 54 0 3
45 55 2 0
45 56 0 2
45 57 3 0
45 58 0 3
45 59 3 0
46 0 0 0
46 1 2 0
46 2 0 2
46 3 2 0
46 4 0 1
46 5 2 0
46 6 0 3
46 7 1 0
46 8 0 1
46 9 0 0
46 10 0 2
46 11 1 0
46 12 0 1
46 13 1 0
46 14 0 2
46 15 2 0
46 16 0 0
46 17 0 0
46 18 0 1
46 19 0 0
46 20 0 1
46 21 3 0
46 22 0 3
46 23 2 0
46 24 0 2
46 25 2 0
46 26 0 3
46 27 2 0
46 28 0 0
46 29 2 0
46 30 0 1
46 31 2 0
46 32 0 0
46 33 3 0
46 34 0 2
46 35 2 0
46 36 0 0
46 37 3 0
46 38 0 3
46 39 3 0
46 40 0 0
46 41 1 0
46 42 0 2
46 43 1 0
46 44 0 1
46 45 3 0
46 46 0 3
46 47 3 0
46 48 0 1
46 49 0 0
46 50 0 1
46 51 2 0
46 52 0 1
46 53 2 0
46 54 0 3
46 55 1 0
46 56 0 2
46 57 2 0
46 58 0 3
46 59 0 0
47 0 0 1
47 1 3 0
47 2 0 2
47 3 0 0
47 4 0 3
47 5 3 0
47 6 0 2
47 7 0 0
47 8 0 2
47 9 1 0
47 10 0 2
47 11 0 0
47 12 0 2
47 13 0 0
47 14 0 2
47 15 0 0
47 16 0 0
47 17 3 0
47 18 0 0
47 19 1 0
47 20 0 2
47 21 3 0
47 22 0 0
47 23 1 0
47 24 0 1
47 25 0 0
47 26 0 1
47 27 2 0
47 28 0 2
47 29 0 0
47 30 0 2
47 31 0 0
47 32 0 2
47 33 2 0
47 34 0 2
47 35 0 0
47 36 0 2
47 37 0 0
47 38 0 0
47 39 1 0
47 40 0 3
47 41 2 0
47 42 0 0
47 43 2 0
47 44 0 3
47 45 1 0
47 46 0 0
47 47 2 0
47 48 0 2
47 49 1 0
47 50 0 0
47 51 2 0
47 52 0 2
47 53 3 0
47 54 0 3
47 55 3 0
47 56 0 0
47 57 0 0
47 58 0 3
47 59 2 0
48 0 0 1
48 1 0 0
48 2 0 0
48 3 2 0
48 4 0 1
48 5 0 0
48 6 0 2
48 7 2 0
48 8 0 3
48 9 0 0
48 10 0 2
48 11 0 0
48 12 0 0
48 13 2 0
48 14 0 2
48 15 3 0
48 16 0 3
48 17 1 0
48 18 0 2
48 19 1 0
48 20 0 0
48 21 2 0
48 22 0 3
48 23 2 0
48 24 0 2
48 25 2 0
48 26 0 0
48 27 3 0
48 28 0 2
48 29 2 0
48 30 0 0
48 31 0 0
48 32 0 3
48 33 3 0
48 34 0 2
48 35 3 0
48 36 0 1
48 37 0 0
48 38 0 1
48 39 2 0
48 40 0 0
48 41 2 0
48 42 0 0
48 43 1 0
48 44 0 0
48 45 3 0
48 46 0 2
48 47 2 0
48 48 0 3
48 49 2 0
48 50 0 3
48 51 3 0
48 52 0 0
48 53 1 0
48 54 0 2
48 55 3 0
48 56 0 0
48 57 0 0
48 58 0 1
48 59 1 0
49 0 0 0
49 1 3 0
49 2 0 0
49 3 0 0
49 4 0 0
49 5 0 0
49 6 0 2
49 7 2 0
49 8 0 3
49 9 2 0
49 10 0 3
49 11 1 0
49 12 0 1
49 13 3 0
49 14 0 0
49 15 0 0
49 16 0 3
49 17 3 0
49 18 0 2
49 19 3 0
49 20 0 2
49 21 2 0
49 22 0 0
49 23 3 0
49 24 0 0
49 25 2 0
49 26 0 0
49 27 3 0
49 28 0 2
49 29 3 0
49 30 0 1
49 31 2 0
49 32 0 0
49 33 2 0
49 34 0 0
49 35 2 0
49 36 0 1
49 37 3 0
49 38 0 2
49 39 3 0
49 40 0 0
49 41 2 0
49 42 0 0
49 43 2 0
49 44 0 0
49 45 1 0
49 46 0 0
49 47 2 0
49 48 0 1
49 49 1 0
49 50 0 1
49 51 2 0
49 52 0 0
49 53 0 0
49 54 0 3
49 55 1 0
49 56 0 3
49 57 2 0
49 58 0 1
49 59 1 0
50 0 0 3
50 1 1 0
50 2 0 1
50 3 1 0
50 4 0 0
50 5 3 0
50 6 0 3
50 7 3 0
50 8 0 1
50 9 0 0
50 10 0 2
50 11 2 0
50 12 0 1
50 13 1 0
50 14 0 1
50 15 1 0
50 16 0 3
50 17 2 0
50 18 0 3
50 19 2 0
50 20 0 3
50 21 1 0
50 22 0 0
50 23 0 0
50 24 0 2
50 25 1 0
50 26 0 2
50 27 1 0
50 28 0 2
50 29 3 0
50 30 0 1
50 31 1 0
50 32 0 3
50 33 1 0
50 34 0 3
50 35 2 0
50 36 0 0
50 37 2 0
50 38 0 1
50 39 2 0
50 40 0 0
50 41 0 0
50 42 0 0
50 43 0 0
50 44 0 1
50 45 2 0
50 46 0 1
50 47 2 0
50 48 0 1
50 49 1 0
50 50 0 1
50 51 0 0
50 52 0 0
50 53 3 0
50 54 0 1
50 55 0 0
50 56 0 3
50 57 0 0
50 58 0 0
50 59 0 0
51 0 0 3
51 1 3 0
51 2 0 0
51 3 0 0
51 4 0 3
51 5 3 0
51 6 0 1
51 7 1 0
51 8 0 2
51 9 0 0
51 10 0 2
51 11 3 0
51 12 0 2
51 13 1 0
51 14 0 2
51 15 3 0
51 16 0 1
51 17 1 0
51 18 0 0
51 19 2 0
51 20 0 2
51 21 3 0
51 22 0 3
51 23 0 0
51 24 0 0
51 25 0 0
51 26 0 2
51 27 2 0
51 28 0 3
51 29 1 0
51 30 0 1
51 31 1 0
51 32 0 0
51 33 2 0
51 34 0 3
51 35 0 0
51 36 0 2
51 37 0 0
51 38 0 2
51 39 3 0
51 40 0 0
51 41 3 0
51 42 0 3
51 43 2 0
51 44 0 0
51 45 1 0
51 46 0 3
51 47 1 0
51 48 0 3
51 49 2 0
51 50 0 2
51 51 0 0
51 52 0 2
51 53 2 0
51 54 0 0
51 55 3 0
51 56 0 3
51 57 3 0
51 58 0 3
51 59 2 0
52 0 0 2
52 1 0 0
52 2 0 2
52 3 0 0
52 4 0 1
52 5 2 0
52 6 0 1
52 7 3 0
52 8 0 0
52 9 3 0
52 10 0 3
52 11 2 0
52 12 0 1
52 13 2 0
52 14 0 2
52 15 0 0
52 16 0 1
52 17 0 0
52 18 0 3
52 19 2 0
52 20 0 1
52 21 2 0
52 22 0 0
52 23 0 0
52 24 0 2
52 25 0 0
52 26 0 0
52 27 0 0
52 28 0 2
52 29 0 0
52 30 0 2
52 31 1 0
52 32 0 1
52 33 1 0
52 34 0 2
52 35 2 0
52 36 0 0
52 37 1 0
52 38 0 2
52 39 1 0
52 40 0 1
52 41 0 0
52 42 0 2
52 43 0 0
52 44 0 1
52 45 2 0
52 46 0 1
52 47 3 0
52 48 0 1
52 49 0 0
52 50 0 2
52 51 0 0
52 52 0 2
52 53 0 0
52 54 0 1
52 55 2 0
52 56 0 1
52 57 0 0
52 58 0 3
52 59 3 0
53 0 0 3
53 1 3 0
53 2 0 1
53 3 2 0
53 4 0 2
53 5 1 0
53 6 0 1
53 7 2 0
53 8 0 3
53 9 2 0
53 10 0 3
53 11 0 0
53 12 0 2
53 13 3 0
53 14 0 1
53 15 1 0
53 16 0 1
53 17 0 0
53 18 0 0
53 19 1 0
53 20 0 0
53 21 3 0
53 22 0 1
53 23 1 0
53 24 0 2
53 25 0 0
53 26 0 1
53 27 3 0
53 28 0 3
53 29 3 0
53 30 0 2
53 31 1 0
53 32 0 1
53 33 1 0
53 34 0 3
53 35 1 0
53 36 0 3
53 37 3 0
53 38 0 3
53 39 0 0
53 40 0 1
53 41 1 0
53 42 0 3
53 43 2 0
53 44 0 2
53 45 0 0
53 46 0 3
53 47 3 0
53 48 0 3
53 49 1 0
53 50 0 1
53 51 2 0
53 52 0 3
53 53 0 0
53 54 0 3
53 55 0 0
53 56 0 2
53 57 2 0
53 58 0 0
53 59 2 0
54 0 0 1
54 1 3 0
54 2 0 3
54 3 0 0
54 4 0 1
54 5 1 0
54 6 0 0
54 7 3 0
54 8 0 0
54 9 3 0
54 10 0 1
54 11 0 0
54 12 0 2
54 13 3 0
54 14 0 2
54 15 2 0
54 16 0 1
54 17 0 0
54 18 0 1
54 19 0 0
54 20 0 1
54 21 0 0
54 22 0 2
54 23 0 0
54 24 0 1
54 25 0 0
54 26 0 0
54 27 2 0
54 28 0 1
54 29 3 0
54 30 0 3
54 31 3 0
54 32 0 1
54 33 2 0
54 34 0 0
54 35 2 0
54 36 0 1
54 37 3 0
54 38 0 0
54 39 2 0
54 40 0 3
54 41 2 0
54 42 0 2
54 43 2 0
54 44 0 2
54 45 2 0
54 46 0 0
54 47 0 0
54 48 0 3
54 49 2 0
54 50 0 2
54 51 3 0
54 52 0 3
54 53 2 0
54 54 0 2
54 55 1 0
54 56 0 2
54 57 1 0
54 58 0 1
54 59 1 0
55 0 0 3
55 1 2 0
55 2 0 1
55 3 2 0
55 4 0 1
55 5 3 0
55 6 0 1
55 7 2 0
55 8 0 3
55 9 3 0
55 10 0 0
55 11 0 0
55 12 0 2
55 13 2 0
55 14 0 2
55 15 3 0
55 16 0 2
55 17 0 0
55 18 0 1
55 19 1 0
55 20 0 1
55 21 2 0
55 22 0 1
55 23 0 0
55 24 0 3
55 25 1 0
55 26 0 2
55 27 0 0
55 28 0 2
55 29 1 0
55 30 0 1
55 31 3 0
55 32 0 0
55 33 3 0
55 34 0 2
55 35 0 0
55 36 0 1
55 37 3 0
55 38 0 0
55 39 1 0
55 40 0 1
55 41 2 0
55 42 0 3
55 43 1 0
55 44 0 0
55 45 1 0
55 46 0 1
55 47 2 0
55 48 0 1
55 49 1 0
55 50 0 2
55 51 3 0
55 52 0 1
55 53 1 0
55 54 0 1
55 55 0 0
55 56 0 3
55 57 3 0
55 58 0 0
55 59 1 0
56 0 0 2
56 1 3 0
56 2 0 0
56 3 3 0
56 4 0 0
56 5 2 0
56 6 0 2
56 7 0 0
56 8 0 3
56 9 1 0
56 10 0 3
56 11 1 0
56 12 0 3
56 13 3 0
56 14 0 1
56 15 3 0
56 16 0 1
56 17 2 0
56 18 0 0
56 19 3 0
56 20 0 3
56 21 3 0
56 22 0 2
56 23 0 0
56 24 0 1
56 25 2 0
56 26 0 3
56 27 2 0
56 28 0 2
56 29 3 0
56 30 0 2
56 31 1 0
56 32 0 1
56 33 3 0
56 34 0 2
56 35 2 0
56 36 0 0
56 37 0 0
56 38 0 2
56 39 2 0
56 40 0 1
56 41 0 0
56 42 0 1
56 43 0 0
56 44 0 3
56 45 2 0
56 46 0 3
56 47 0 0
56 48 0 2
56 49 2 0
56 50 0 2
56 51 3 0
56 52 0 0
56 53 0 0
56 54 0 1
56 55 0 0
56 56 0 1
56 57 1 0
56 58 0 1
56 59 2 0
57 0 0 0
57 1 1 0
57 2 0 3
57 3 3 0
57 4 0 3
57 5 2 0
57 6 0 3
57 7 2 0
57 8 0 3
57 9 3 0
57 10 0 1
57 11 2 0
57 12 0 2
57 13 3 0
57 14 0 2
57 15 1 0
57 16 0 3
57 17 0 0
57 18 0 3
57 19 3 0
57 20 0 1
57 21 0 0
57 22 0 3
57 23 0 0
57 24 0 1
57 25 3 0
57 26 0 0
57 27 1 0
57 28 0 3
57 29 2 0
57 30 0 2
57 31 0 0
57 32 0 1
57 33 2 0
57 34 0 3
57 35 3 0
57 36 0 1
57 37 3 0
57 38 0 0
57 39 1 0
57 40 0 2
57 41 2 0
57 42 0 3
57 43 1 0
57 44 0 2
57 45 3 0
57 46 0 3
57 47 1 0
57 48 0 2
57 49 3 0
57 50 0 3
57 51 0 0
57 52 0 0
57 53 3 0
57 54 0 3
57 55 0 0
57 56 0 1
57 57 0 0
57 58 0 2
57 59 1 0
58 0 0 1
58 1 1 0
58 2 0 2
58 3 0 0
58 4 0 2
58 5 1 0
58 6 0 3
58 7 1 0
58 8 0 1
58 9 2 0
58 10 0 0
58 11 2 0
58 12 0 3
58 13 2 0
58 14 0 0
58 15 2 0
58 16 0 1
58 17 2 0
58 18 0 3
58 19 2 0
58 20 0 1
58 21 1 0
58 22 0 2
58 23 3 0
58 24 0 3
58 25 2 0
58 26 0 3
58 27 2 0
58 28 0 0
58 29 3 0
58 30 0 3
58 31 3 0
58 32 0 2
58 33 3 0
58 34 0 1
58 35 3 0
58 36 0 2
58 37 2 0
58 38 0 2
58 39 2 0
58 40 0 1
58 41 3 0
58 42 0 3
58 43 1 0
58 44 0 0
58 45 1 0
58 46 0 1
58 47 1 0
58 48 0 0
58 49 2 0
58 50 0 2
58 51 2 0
58 52 0 2
58 53 1 0
58 54 0 1
58 55 1 0
58 56 0 0
58 57 2 0
58 58 0 1
58 59 3 0
59 0 0 3
59 1 1 0
59 2 0 3
59 3 3 0
59 4 0 3
59 5 3 0
59 6 0 0
59 7 0 0
59 8 0 1
59 9 1 0
59 10 0 0
59 11 1 0
59 12 0 0
59 13 3 0
59 14 0 2
59 15 3 0
59 16 0 0
59 17 1 0
59 18 0 1
59 19 2 0
59 20 0 2
59 21 2 0
59 22 0 0
59 23 1 0
59 24 0 3
59 25 0 0
59 26 0 2
59 27 1 0
59 28 0 1
59 29 1 0
59 30 0 0
59 31 2 0
59 32 0 0
59 33 1 0
59 34 0 2
59 35 2 0
59 36 0 2
59 37 1 0
59 38 0 2
59 39 3 0
59 40 0 0
59 41 2 0
59 42 0 1
59 43 2 0
59 44 0 3
59 45 1 0
59 46 0 3
59 47 3 0
59 48 0 3
59 49 1 0
59 50 0 0
59 51 2 0
59 52 0 3
59 53 3 0
59 54 0 1
59 55 1 0
59 56 0 3
59 57 1 0
59 58 0 3
59 59 3 0