0 0 0 6
0 1 4 0
0 2 0 1
0 3 4 0
0 4 0 4
0 5 5 0
0 6 0 5
0 7 3 0
0 8 0 2
0 9 0 0
0 10 0 1
0 11 6 0
0 12 0 0
0 13 5 0
0 14 0 7
0 15 7 0
0 16 0 2
0 17 3 0
0 18 0 3
0 19 0 0
0 20 0 0
0 21 2 0
0 22 0 1
0 23 1 0
0 24 0 5
0 25 0 0
0 26 0 5
0 27 3 0
0 28 0 1
0 29 5 0
0 30 0 2
0 31 0 0
0 32 0 7
0 33 6 0
0 34 0 4
0 35 1 0
0 36 0 0
0 37 6 0
0 38 0 5
0 39 7 0
0 40 0 6
0 41 0 0
0 42 0 4
0 43 2 0
0 44 0 1
0 45 7 0
0 46 0 1
0 47 5 0
0 48 0 5
0 49 7 0
0 50 0 2
0 51 0 0
0 52 0 2
0 53 1 0
0 54 0 2
0 55 4 0
0 56 0 3
0 57 2 0
0 58 0 4
0 59 3 0
0 60 0 0
0 61 4 0
0 62 0 4
0 63 6 0
0 64 0 5
0 65 4 0
0 66 0 7
0 67 4 0
0 68 0 0
0 69 2 0
1 0 0 6
1 1 2 0
1 2 0 6
1 3 5 0
1 4 0 7
1 5 5 0
1 6 0 6
1 7 4 0
1 8 0 4
1 9 2 0
1 10 0 5
1 11 6 0
1 12 0 2
1 13 7 0
1 14 0 1
1 15 3 0
1 16 0 2
1 17 7 0
1 18 0 6
1 19 0 0
1 20 0 4
1 21 2 0
1 22 0 4
1 23 7 0
1 24 0 7
1 25 2 0
1 26 0 6
1 27 4 0
1 28 0 2
1 29 7 0
1 30 0 4
1 31 2 0
1 32 0 7
1 33 4 0
1 34 0 3
1 35 4 0
1 36 0 2
1 37 0 0
1 38 0 0
1 39 4 0
1 40 0 7
1 41 6 0
1 42 0 0
1 43 0 0
1 44 0 1
1 45 5 0
1 46 0 3
1 47 0 0
1 48 0 3
1 49 1 0
1 50 0 4
1 51 1 0
1 52 0 3
1 53 0 0
1 54 0 3
1 55 5 0
1 56 0 2
1 57 6 0
1 58 0 4
1 59 0 0
1 60 0 6
1 61 1 0
1 62 0 5
1 63 4 0
1 64 0 0
1 65 6 0
1 66 0 3
1 67 7 0
1 68 0 6
1 69 2 0
2 0 0 6
2 1 0 0
2 2 0 2
2 3 1 0
2 4 0 0
2 5 5 0
2 6 0 1
2 7 3 0
2 8 0 2
2 9 0 0
2 10 0 5
2 11 2 0
2 12 0 7
2 13 5 0
2 14 0 3
2 15 6 0
2 16 0 7
2 17 6 0
2 18 0 6
2 19 1 0
2 20 0 6
2 21 7 0
2 22 0 2
2 23 3 0
2 24 0 2
2 25 2 0
2 26 0 1
2 27 7 0
2 28 0 0
2 29 5 0
2 30 0 2
2 31 3 0
2 32 0 0
2 33 7 0
2 34 0 5
2 35 4 0
2 36 0 4
2 37 6 0
2 38 0 1
2 39 0 0
2 40 0 5
2 41 4 0
2 42 0 6
2 43 3 0
2 44 0 6
2 45 5 0
2 46 0 3
2 47 3 0
2 48 0 7
2 49 2 0
2 50 0 1
2 51 3 0
2 52 0 4
2 53 2 0
2 54 0 6
2 55 3 0
2 56 0 3
2 57 4 0
2 58 0 3
2 59 7 0
2 60 0 2
2 61 6 0
2 62 0 6
2 63 4 0
2 64 0 6
2 65 1 0
2 66 0 1
2 67 6 0
2 68 0 5
2 69 2 0
3 0 0 1
3 1 4 0
3 2 0 5
3 3 3 0
3 4 0 0
3 5 2 0
3 6 0 2
3 7 7 0
3 8 0 3
3 9 7 0
3 10 0 4
3 11 2 0
3 12 0 5
3 13 5 0
3 14 0 6
3 15 7 0
3 16 0 2
3 17 3 0
3 18 0 1
3 19 0 0
3 20 0 5
3 21 6 0
3 22 0 7
3 23 2 0
3 24 0 3
3 25 3 0
3 26 0 1
3 27 6 0
3 28 0 5
3 29 7 0
3 30 0 1
3 31 1 0
3 32 0 2
3 33 0 0
3 34 0 0
3 35 5 0
3 36 0 2
3 37 1 0
3 38 0 2
3 39 6 0
3 40 0 4
3 41 2 0
3 42 0 5
3 43 5 0
3 44 0 1
3 45 5 0
3 46 0 5
3 47 0 0
3 48 0 7
3 49 3 0
3 50 0 3
3 51 0 0
3 52 0 7
3 53 4 0
3 54 0 1
3 55 2 0
3 56 0 7
3 57 2 0
3 58 0 0
3 59 7 0
3 60 0 1
3 61 0 0
3 62 0 2
3 63 4 0
3 64 0 2
3 65 3 0
3 66 0 0
3 67 2 0
3 68 0 4
3 69 7 0
4 0 0 5
4 1 7 0
4 2 0 5
4 3 5 0
4 4 0 2
4 5 3 0
4 6 0 5
4 7 5 0
4 8 0 0
4 9 4 0
4 10 0 4
4 11 1 0
4 12 0 1
4 13 3 0
4 14 0 2
4 15 2 0
4 16 0 7
4 17 5 0
4 18 0 4
4 19 1 0
4 20 0 3
4 21 2 0
4 22 0 6
4 23 7 0
4 24 0 7
4 25 1 0
4 26 0 3
4 27 5 0
4 28 0 4
4 29 3 0
4 30 0 7
4 31 5 0
4 32 0 6
4 33 3 0
4 34 0 6
4 35 6 0
4 36 0 3
4 37 5 0
4 38 0 2
4 39 5 0
4 40 0 7
4 41 3 0
4 42 0 1
4 43 7 0
4 44 0 3
4 45 1 0
4 46 0 4
4 47 7 0
4 48 0 1
4 49 3 0
4 50 0 1
4 51 6 0
4 52 0 2
4 53 1 0
4 54 0 2
4 55 6 0
4 56 0 1
4 57 2 0
4 58 0 5
4 59 6 0
4 60 0 5
4 61 6 0
4 62 0 2
4 63 2 0
4 64 0 2
4 65 3 0
4 66 0 7
4 67 0 0
4 68 0 0
4 69 1 0
5 0 0 7
5 1 3 0
5 2 0 3
5 3 6 0
5 4 0 6
5 5 3 0
5 6 0 1
5 7 3 0
5 8 0 7
5 9 4 0
5 10 0 0
5 11 4 0
5 12 0 7
5 13 3 0
5 14 0 6
5 15 4 0
5 16 0 7
5 17 4 0
5 18 0 6
5 19 7 0
5 20 0 6
5 21 7 0
5 22 0 1
5 23 6 0
5 24 0 5
5 25 6 0
5 26 0 3
5 27 6 0
5 28 0 1
5 29 0 0
5 30 0 2
5 31 1 0
5 32 0 4
5 33 1 0
5 34 0 3
5 35 4 0
5 36 0 4
5 37 0 0
5 38 0 4
5 39 7 0
5 40 0 2
5 41 7 0
5 42 0 3
5 43 1 0
5 44 0 5
5 45 7 0
5 46 0 5
5 47 1 0
5 48 0 5
5 49 2 0
5 50 0 0
5 51 6 0
5 52 0 0
5 53 6 0
5 54 0 2
5 55 0 0
5 56 0 0
5 57 1 0
5 58 0 0
5 59 4 0
5 60 0 2
5 61 0 0
5 62 0 0
5 63 4 0
5 64 0 1
5 65 6 0
5 66 0 7
5 67 5 0
5 68 0 2
5 69 3 0
6 0 0 3
6 1 7 0
6 2 0 6
6 3 2 0
6 4 0 2
6 5 1 0
6 6 0 2
6 7 2 0
6 8 0 1
6 9 2 0
6 10 0 2
6 11 6 0
6 12 0 6
6 13 1 0
6 14 0 2
6 15 5 0
6 16 0 7
6 17 6 0
6 18 0 3
6 19 3 0
6 20 0 1
6 21 6 0
6 22 0 5
6 23 6 0
6 24 0 2
6 25 3 0
6 26 0 7
6 27 2 0
6 28 0 7
6 29 1 0
6 30 0 0
6 31 6 0
6 32 0 6
6 33 3 0
6 34 0 1
6 35 4 0
6 36 0 5
6 37 4 0
6 38 0 1
6 39 5 0
6 40 0 2
6 41 6 0
6 42 0 0
6 43 2 0
6 44 0 0
6 45 7 0
6 46 0 4
6 47 4 0
6 48 0 1
6 49 6 0
6 50 0 7
6 51 5 0
6 52 0 6
6 53 3 0
6 54 0 7
6 55 4 0
6 56 0 0
6 57 4 0
6 58 0 5
6 59 6 0
6 60 0 3
6 61 1 0
6 62 0 6
6 63 0 0
6 64 0 6
6 65 1 0
6 66 0 5
6 67 5 0
6 68 0 4
6 69 2 0
7 0 0 7
7 1 6 0
7 2 0 6
7 3 5 0
7 4 0 6
7 5 5 0
7 6 0 7
7 7 0 0
7 8 0 6
7 9 1 0
7 10 0 6
7 11 3 0
7 12 0 3
7 13 6 0
7 14 0 0
7 15 3 0
7 16 0 1
7 17 2 0
7 18 0 3
7 19 1 0
7 20 0 3
7 21 0 0
7 22 0 4
7 23 4 0
7 24 0 5
7 25 1 0
7 26 0 2
7 27 3 0
7 28 0 1
7 29 6 0
7 30 0 0
7 31 4 0
7 32 0 6
7 33 7 0
7 34 0 7
7 35 0 0
7 36 0 4
7 37 0 0
7 38 0 2
7 39 4 0
7 40 0 1
7 41 6 0
7 42 0 0
7 43 2 0
7 44 0 7
7 45 6 0
7 46 0 6
7 47 6 0
7 48 0 4
7 49 6 0
7 50 0 2
7 51 1 0
7 52 0 1
7 53 2 0
7 54 0 1
7 55 2 0
7 56 0 4
7 57 1 0
7 58 0 2
7 59 0 0
7 60 0 6
7 61 6 0
7 62 0 0
7 63 1 0
7 64 0 5
7 65 7 0
7 66 0 4
7 67 6 0
7 68 0 2
7 69 1 0
8 0 0 1
8 1 4 0
8 2 0 4
8 3 2 0
8 4 0 6
8 5 4 0
8 6 0 4
8 7 5 0
8 8 0 0
8 9 4 0
8 10 0 7
8 11 2 0
8 12 0 5
8 13 5 0
8 14 0 0
8 15 4 0
8 16 0 2
8 17 3 0
8 18 0 3
8 19 1 0
8 20 0 6
8 21 0 0
8 22 0 2
8 23 5 0
8 24 0 5
8 25 1 0
8 26 0 4
8 27 7 0
8 28 0 5
8 29 7 0
8 30 0 1
8 31 2 0
8 32 0 4
8 33 7 0
8 34 0 7
8 35 5 0
8 36 0 1
8 37 2 0
8 38 0 1
8 39 4 0
8 40 0 6
8 41 6 0
8 42 0 3
8 43 5 0
8 44 0 5
8 45 4 0
8 46 0 6
8 47 4 0
8 48 0 0
8 49 0 0
8 50 0 2
8 51 0 0
8 52 0 7
8 53 3 0
8 54 0 7
8 55 3 0
8 56 0 5
8 57 4 0
8 58 0 3
8 59 6 0
8 60 0 3
8 61 3 0
8 62 0 0
8 63 2 0
8 64 0 4
8 65 5 0
8 66 0 3
8 67 0 0
8 68 0 7
8 69 3 0
9 0 0 6
9 1 2 0
9 2 0 1
9 3 3 0
9 4 0 6
9 5 0 0
9 6 0 0
9 7 5 0
9 8 0 6
9 9 4 0
9 10 0 1
9 11 7 0
9 12 0 2
9 13 6 0
9 14 0 3
9 15 2 0
9 16 0 4
9 17 1 0
9 18 0 2
9 19 3 0
9 20 0 3
9 21 4 0
9 22 0 5
9 23 3 0
9 24 0 7
9 25 2 0
9 26 0 0
9 27 7 0
9 28 0 7
9 29 2 0
9 30 0 2
9 31 0 0
9 32 0 3
9 33 7 0
9 34 0 0
9 35 3 0
9 36 0 2
9 37 1 0
9 38 0 0
9 39 3 0
9 40 0 5
9 41 3 0
9 42 0 7
9 43 3 0
9 44 0 2
9 45 3 0
9 46 0 4
9 47 4 0
9 48 0 2
9 49 6 0
9 50 0 3
9 51 5 0
9 52 0 3
9 53 1 0
9 54 0 3
9 55 5 0
9 56 0 7
9 57 0 0
9 58 0 0
9 59 3 0
9 60 0 3
9 61 3 0
9 62 0 1
9 63 7 0
9 64 0 1
9 65 4 0
9 66 0 3
9 67 7 0
9 68 0 6
9 69 2 0
10 0 0 5
10 1 3 0
10 2 0 4
10 3 1 0
10 4 0 2
10 5 1 0
10 6 0 2
10 7 0 0
10 8 0 2
10 9 1 0
10 10 0 7
10 11 2 0
10 12 0 0
10 13 2 0
10 14 0 3
10 15 5 0
10 16 0 5
10 17 4 0
10 18 0 6
10 19 6 0
10 20 0 4
10 21 3 0
10 22 0 7
10 23 3 0
10 24 0 5
10 25 2 0
10 26 0 6
10 27 7 0
10 28 0 2
10 29 6 0
10 30 0 2
10 31 2 0
10 32 0 5
10 33 7 0
10 34 0 4
10 35 7 0
10 36 0 0
10 37 2 0
10 38 0 2
10 39 4 0
10 40 0 3
10 41 2 0
10 42 0 5
10 43 5 0
10 44 0 2
10 45 2 0
10 46 0 4
10 47 1 0
10 48 0 4
10 49 5 0
10 50 0 6
10 51 3 0
10 52 0 5
10 53 6 0
10 54 0 3
10 55 3 0
10 56 0 4
10 57 0 0
10 58 0 4
10 59 2 0
10 60 0 6
10 61 0 0
10 62 0 7
10 63 2 0
10 64 0 2
10 65 6 0
10 66 0 4
10 67 3 0
10 68 0 3
10 69 7 0
11 0 0 3
11 1 7 0
11 2 0 1
11 3 6 0
11 4 0 3
11 5 7 0
11 6 0 0
11 7 6 0
11 8 0 4
11 9 4 0
11 10 0 7
11 11 1 0
11 12 0 7
11 13 0 0
11 14 0 2
11 15 5 0
11 16 0 0
11 17 1 0
11 18 0 0
11 19 2 0
11 20 0 3
11 21 4 0
11 22 0 6
11 23 5 0
11 24 0 4
11 25 0 0
11 26 0 3
11 27 0 0
11 28 0 5
11 29 7 0
11 30 0 2
11 31 7 0
11 32 0 4
11 33 1 0
11 34 0 3
11 35 5 0
11 36 0 2
11 37 1 0
11 38 0 2
11 39 5 0
11 40 0 5
11 41 6 0
11 42 0 6
11 43 1 0
11 44 0 7
11 45 3 0
11 46 0 3
11 47 7 0
11 48 0 5
11 49 7 0
11 50 0 0
11 51 6 0
11 52 0 1
11 53 6 0
11 54 0 2
11 55 6 0
11 56 0 1
11 57 6 0
11 58 0 0
11 59 5 0
11 60 0 5
11 61 3 0
11 62 0 5
11 63 3 0
11 64 0 5
11 65 3 0
11 66 0 1
11 67 7 0
11 68 0 0
11 69 2 0
12 0 0 0
12 1 7 0
12 2 0 6
12 3 0 0
12 4 0 1
12 5 4 0
12 6 0 0
12 7 6 0
12 8 0 0
12 9 4 0
12 10 0 2
12 11 5 0
12 12 0 5
12 13 6 0
12 14 0 0
12 15 7 0
12 16 0 3
12 17 1 0
12 18 0 6
12 19 3 0
12 20 0 1
12 21 6 0
12 22 0 6
12 23 5 0
12 24 0 4
12 25 1 0
12 26 0 6
12 27 4 0
12 28 0 4
12 29 4 0
12 30 0 7
12 31 3 0
12 32 0 2
12 33 4 0
12 34 0 0
12 35 0 0
12 36 0 1
12 37 3 0
12 38 0 1
12 39 0 0
12 40 0 2
12 41 4 0
12 42 0 0
12 43 1 0
12 44 0 5
12 45 1 0
12 46 0 7
12 47 7 0
12 48 0 7
12 49 0 0
12 50 0 4
12 51 7 0
12 52 0 7
12 53 2 0
12 54 0 7
12 55 7 0
12 56 0 0
12 57 3 0
12 58 0 0
12 59 4 0
12 60 0 2
12 61 5 0
12 62 0 7
12 63 2 0
12 64 0 1
12 65 5 0
12 66 0 1
12 67 0 0
12 68 0 4
12 69 4 0
13 0 0 2
13 1 2 0
13 2 0 0
13 3 7 0
13 4 0 6
13 5 5 0
13 6 0 2
13 7 0 0
13 8 0 6
13 9 6 0
13 10 0 0
13 11 3 0
13 12 0 1
13 13 3 0
13 14 0 1
13 15 1 0
13 16 0 1
13 17 0 0
13 18 0 0
13 19 0 0
13 20 0 2
13 21 4 0
13 22 0 5
13 23 1 0
13 24 0 6
13 25 1 0
13 26 0 4
13 27 1 0
13 28 0 3
13 29 0 0
13 30 0 4
13 31 1 0
13 32 0 3
13 33 2 0
13 34 0 2
13 35 6 0
13 36 0 4
13 37 0 0
13 38 0 3
13 39 1 0
13 40 0 6
13 41 4 0
13 42 0 5
13 43 0 0
13 44 0 7
13 45 6 0
13 46 0 7
13 47 3 0
13 48 0 2
13 49 0 0
13 50 0 4
13 51 1 0
13 52 0 4
13 53 2 0
13 54 0 5
13 55 0 0
13 56 0 6
13 57 7 0
13 58 0 4
13 59 0 0
13 60 0 5
13 61 6 0
13 62 0 1
13 63 1 0
13 64 0 5
13 65 2 0
13 66 0 0
13 67 0 0
13 68 0 2
13 69 2 0
14 0 0 1
14 1 6 0
14 2 0 5
14 3 2 0
14 4 0 7
14 5 1 0
14 6 0 6
14 7 0 0
14 8 0 2
14 9 1 0
14 10 0 4
14 11 0 0
14 12 0 5
14 13 4 0
14 14 0 6
14 15 0 0
14 16 0 0
14 17 3 0
14 18 0 5
14 19 4 0
14 20 0 7
14 21 2 0
14 22 0 0
14 23 4 0
14 24 0 1
14 25 4 0
14 26 0 7
14 27 1 0
14 28 0 3
14 29 5 0
14 30 0 0
14 31 4 0
14 32 0 2
14 33 6 0
14 34 0 6
14 35 7 0
14 36 0 4
14 37 5 0
14 38 0 4
14 39 1 0
14 40 0 0
14 41 2 0
14 42 0 6
14 43 6 0
14 44 0 2
14 45 3 0
14 46 0 1
14 47 5 0
14 48 0 0
14 49 1 0
14 50 0 6
14 51 1 0
14 52 0 7
14 53 0 0
14 54 0 3
14 55 1 0
14 56 0 6
14 57 3 0
14 58 0 1
14 59 0 0
14 60 0 1
14 61 6 0
14 62 0 7
14 63 5 0
14 64 0 0
14 65 2 0
14 66 0 6
14 67 3 0
14 68 0 6
14 69 4 0
15 0 0 3
15 1 2 0
15 2 0 3
15 3 6 0
15 4 0 0
15 5 4 0
15 6 0 2
15 7 5 0
15 8 0 4
15 9 2 0
15 10 0 4
15 11 2 0
15 12 0 6
15 13 5 0
15 14 0 3
15 15 1 0
15 16 0 6
15 17 5 0
15 18 0 7
15 19 5 0
15 20 0 4
15 21 5 0
15 22 0 5
15 23 1 0
15 24 0 6
15 25 5 0
15 26 0 2
15 27 0 0
15 28 0 6
15 29 6 0
15 30 0 4
15 31 7 0
15 32 0 2
15 33 2 0
15 34 0 2
15 35 6 0
15 36 0 3
15 37 2 0
15 38 0 0
15 39 2 0
15 40 0 7
15 41 5 0
15 42 0 4
15 43 6 0
15 44 0 7
15 45 0 0
15 46 0 3
15 47 5 0
15 48 0 1
15 49 0 0
15 50 0 5
15 51 2 0
15 52 0 6
15 53 2 0
15 54 0 4
15 55 0 0
15 56 0 5
15 57 4 0
15 58 0 1
15 59 2 0
15 60 0 7
15 61 1 0
15 62 0 7
15 63 4 0
15 64 0 1
15 65 1 0
15 66 0 6
15 67 0 0
15 68 0 6
15 69 6 0
16 0 0 1
16 1 3 0
16 2 0 2
16 3 0 0
16 4 0 1
16 5 5 0
16 6 0 0
16 7 2 0
16 8 0 0
16 9 5 0
16 10 0 4
16 11 3 0
16 12 0 6
16 13 2 0
16 14 0 1
16 15 6 0
16 16 0 0
16 17 2 0
16 18 0 5
16 19 2 0
16 20 0 3
16 21 7 0
16 22 0 0
16 23 3 0
16 24 0 6
16 25 5 0
16 26 0 1
16 27 7 0
16 28 0 6
16 29 6 0
16 30 0 1
16 31 2 0
16 32 0 7
16 33 7 0
16 34 0 6
16 35 2 0
16 36 0 1
16 37 0 0
16 38 0 1
16 39 4 0
16 40 0 0
16 41 7 0
16 42 0 0
16 43 5 0
16 44 0 4
16 45 5 0
16 46 0 5
16 47 2 0
16 48 0 7
16 49 0 0
16 50 0 5
16 51 0 0
16 52 0 2
16 53 0 0
16 54 0 1
16 55 4 0
16 56 0 0
16 57 2 0
16 58 0 1
16 59 5 0
16 60 0 1
16 61 7 0
16 62 0 4
16 63 5 0
16 64 0 1
16 65 6 0
16 66 0 1
16 67 4 0
16 68 0 6
16 69 6 0
17 0 0 2
17 1 5 0
17 2 0 6
17 3 5 0
17 4 0 4
17 5 6 0
17 6 0 6
17 7 4 0
17 8 0 0
17 9 4 0
17 10 0 3
17 11 1 0
17 12 0 4
17 13 5 0
17 14 0 5
17 15 3 0
17 16 0 3
17 17 5 0
17 18 0 0
17 19 1 0
17 20 0 1
17 21 2 0
17 22 0 2
17 23 4 0
17 24 0 0
17 25 7 0
17 26 0 7
17 27 0 0
17 28 0 6
17 29 4 0
17 30 0 0
17 31 7 0
17 32 0 4
17 33 5 0
17 34 0 7
17 35 6 0
17 36 0 0
17 37 7 0
17 38 0 4
17 39 6 0
17 40 0 4
17 41 6 0
17 42 0 4
17 43 5 0
17 44 0 5
17 45 2 0
17 46 0 5
17 47 2 0
17 48 0 5
17 49 4 0
17 50 0 3
17 51 4 0
17 52 0 1
17 53 6 0
17 54 0 6
17 55 4 0
17 56 0 4
17 57 1 0
17 58 0 2
17 59 6 0
17 60 0 2
17 61 4 0
17 62 0 5
17 63 4 0
17 64 0 6
17 65 4 0
17 66 0 4
17 67 3 0
17 68 0 4
17 69 6 0
18 0 0 7
18 1 4 0
18 2 0 0
18 3 7 0
18 4 0 0
18 5 4 0
18 6 0 5
18 7 5 0
18 8 0 0
18 9 4 0
18 10 0 7
18 11 3 0
18 12 0 3
18 13 2 0
18 14 0 2
18 15 1 0
18 16 0 7
18 17 6 0
18 18 0 0
18 19 1 0
18 20 0 0
18 21 7 0
18 22 0 7
18 23 4 0
18 24 0 7
18 25 3 0
18 26 0 0
18 27 3 0
18 28 0 6
18 29 2 0
18 30 0 1
18 31 5 0
18 32 0 6
18 33 4 0
18 34 0 4
18 35 0 0
18 36 0 1
18 37 6 0
18 38 0 6
18 39 0 0
18 40 0 0
18 41 2 0
18 42 0 1
18 43 2 0
18 44 0 7
18 45 3 0
18 46 0 2
18 47 4 0
18 48 0 4
18 49 5 0
18 50 0 4
18 51 1 0
18 52 0 3
18 53 3 0
18 54 0 3
18 55 2 0
18 56 0 5
18 57 6 0
18 58 0 2
18 59 0 0
18 60 0 4
18 61 5 0
18 62 0 6
18 63 4 0
18 64 0 1
18 65 0 0
18 66 0 0
18 67 7 0
18 68 0 6
18 69 4 0
19 0 0 7
19 1 2 0
19 2 0 4
19 3 2 0
19 4 0 3
19 5 7 0
19 6 0 7
19 7 0 0
19 8 0 3
19 9 6 0
19 10 0 5
19 11 6 0
19 12 0 1
19 13 1 0
19 14 0 2
19 15 2 0
19 16 0 1
19 17 0 0
19 18 0 7
19 19 5 0
19 20 0 5
19 21 5 0
19 22 0 6
19 23 3 0
19 24 0 3
19 25 1 0
19 26 0 0
19 27 7 0
19 28 0 5
19 29 6 0
19 30 0 0
19 31 5 0
19 32 0 0
19 33 3 0
19 34 0 5
19 35 6 0
19 36 0 6
19 37 4 0
19 38 0 3
19 39 0 0
19 40 0 5
19 41 7 0
19 42 0 2
19 43 3 0
19 44 0 5
19 45 7 0
19 46 0 6
19 47 5 0
19 48 0 6
19 49 5 0
19 50 0 6
19 51 6 0
19 52 0 0
19 53 2 0
19 54 0 5
19 55 5 0
19 56 0 1
19 57 6 0
19 58 0 4
19 59 1 0
19 60 0 2
19 61 4 0
19 62 0 5
19 63 1 0
19 64 0 2
19 65 4 0
19 66 0 1
19 67 5 0
19 68 0 1
19 69 0 0
20 0 0 4
20 1 3 0
20 2 0 6
20 3 7 0
20 4 0 4
20 5 3 0
20 6 0 3
20 7 5 0
20 8 0 6
20 9 2 0
20 10 0 4
20 11 1 0
20 12 0 0
20 13 3 0
20 14 0 3
20 15 5 0
20 16 0 0
20 17 1 0
20 18 0 6
20 19 2 0
20 20 0 3
20 21 7 0
20 22 0 7
20 23 2 0
20 24 0 7
20 25 0 0
20 26 0 3
20 27 3 0
20 28 0 2
20 29 7 0
20 30 0 5
20 31 3 0
20 32 0 1
20 33 1 0
20 34 0 0
20 35 7 0
20 36 0 2
20 37 6 0
20 38 0 0
20 39 2 0
20 40 0 2
20 41 3 0
20 42 0 1
20 43 4 0
20 44 0 7
20 45 3 0
20 46 0 6
20 47 0 0
20 48 0 7
20 49 1 0
20 50 0 4
20 51 5 0
20 52 0 0
20 53 0 0
20 54 0 5
20 55 6 0
20 56 0 5
20 57 3 0
20 58 0 5
20 59 3 0
20 60 0 7
20 61 5 0
20 62 0 0
20 63 5 0
20 64 0 2
20 65 2 0
20 66 0 2
20 67 5 0
20 68 0 4
20 69 4 0
21 0 0 5
21 1 6 0
21 2 0 2
21 3 0 0
21 4 0 7
21 5 7 0
21 6 0 3
21 7 6 0
21 8 0 2
21 9 2 0
21 10 0 2
21 11 4 0
21 12 0 2
21 13 0 0
21 14 0 0
21 15 4 0
21 16 0 2
21 17 2 0
21 18 0 0
21 19 1 0
21 20 0 0
21 21 1 0
21 22 0 1
21 23 6 0
21 24 0 4
21 25 7 0
21 26 0 7
21 27 7 0
21 28 0 4
21 29 3 0
21 30 0 3
21 31 6 0
21 32 0 3
21 33 2 0
21 34 0 6
21 35 7 0
21 36 0 6
21 37 1 0
21 38 0 2
21 39 5 0
21 40 0 6
21 41 3 0
21 42 0 2
21 43 3 0
21 44 0 1
21 45 1 0
21 46 0 4
21 47 3 0
21 48 0 0
21 49 5 0
21 50 0 6
21 51 2 0
21 52 0 2
21 53 6 0
21 54 0 6
21 55 2 0
21 56 0 0
21 57 0 0
21 58 0 1
21 59 7 0
21 60 0 7
21 61 1 0
21 62 0 5
21 63 3 0
21 64 0 1
21 65 4 0
21 66 0 7
21 67 2 0
21 68 0 4
21 69 2 0
22 0 0 6
22 1 6 0
22 2 0 2
22 3 4 0
22 4 0 5
22 5 4 0
22 6 0 7
22 7 2 0
22 8 0 5
22 9 6 0
22 10 0 7
22 11 0 0
22 12 0 1
22 13 7 0
22 14 0 5
22 15 3 0
22 16 0 0
22 17 1 0
22 18 0 4
22 19 0 0
22 20 0 7
22 21 2 0
22 22 0 2
22 23 5 0
22 24 0 4
22 25 3 0
22 26 0 0
22 27 6 0
22 28 0 4
22 29 0 0
22 30 0 3
22 31 2 0
22 32 0 6
22 33 3 0
22 34 0 6
22 35 4 0
22 36 0 5
22 37 1 0
22 38 0 6
22 39 2 0
22 40 0 2
22 41 3 0
22 42 0 5
22 43 1 0
22 44 0 0
22 45 7 0
22 46 0 0
22 47 7 0
22 48 0 7
22 49 4 0
22 50 0 1
22 51 7 0
22 52 0 1
22 53 1 0
22 54 0 5
22 55 1 0
22 56 0 7
22 57 6 0
22 58 0 6
22 59 0 0
22 60 0 5
22 61 2 0
22 62 0 2
22 63 2 0
22 64 0 2
22 65 4 0
22 66 0 3
22 67 3 0
22 68 0 2
22 69 1 0
23 0 0 6
23 1 2 0
23 2 0 4
23 3 4 0
23 4 0 4
23 5 2 0
23 6 0 3
23 7 1 0
23 8 0 3
23 9 2 0
23 10 0 1
23 11 2 0
23 12 0 5
23 13 6 0
23 14 0 7
23 15 3 0
23 16 0 0
23 17 4 0
23 18 0 7
23 19 5 0
23 20 0 5
23 21 0 0
23 22 0 3
23 23 6 0
23 24 0 2
23 25 1 0
23 26 0 3
23 27 7 0
23 28 0 0
23 29 1 0
23 30 0 2
23 31 5 0
23 32 0 5
23 33 1 0
23 34 0 1
23 35 1 0
23 36 0 3
23 37 2 0
23 38 0 3
23 39 0 0
23 40 0 7
23 41 5 0
23 42 0 0
23 43 3 0
23 44 0 2
23 45 4 0
23 46 0 2
23 47 0 0
23 48 0 4
23 49 7 0
23 50 0 3
23 51 7 0
23 52 0 4
23 53 0 0
23 54 0 4
23 55 6 0
23 56 0 1
23 57 7 0
23 58 0 7
23 59 6 0
23 60 0 5
23 61 7 0
23 62 0 7
23 63 3 0
23 64 0 5
23 65 7 0
23 66 0 3
23 67 0 0
23 68 0 2
23 69 2 0
24 0 0 7
24 1 1 0
24 2 0 2
24 3 7 0
24 4 0 2
24 5 7 0
24 6 0 0
24 7 1 0
24 8 0 1
24 9 0 0
24 10 0 0
24 11 0 0
24 12 0 3
24 13 4 0
24 14 0 4
24 15 7 0
24 16 0 2
24 17 1 0
24 18 0 1
24 19 4 0
24 20 0 0
24 21 0 0
24 22 0 2
24 23 4 0
24 24 0 0
24 25 5 0
24 26 0 5
24 27 4 0
24 28 0 1
24 29 3 0
24 30 0 1
24 31 0 0
24 32 0 7
24 33 6 0
24 34 0 6
24 35 0 0
24 36 0 2
24 37 7 0
24 38 0 5
24 39 6 0
24 40 0 4
24 41 4 0
24 42 0 4
24 43 1 0
24 44 0 7
24 45 5 0
24 46 0 3
24 47 5 0
24 48 0 5
24 49 7 0
24 50 0 1
24 51 1 0
24 52 0 6
24 53 5 0
24 54 0 0
24 55 0 0
24 56 0 5
24 57 2 0
24 58 0 5
24 59 0 0
24 60 0 3
24 61 1 0
24 62 0 1
24 63 6 0
24 64 0 3
24 65 6 0
24 66 0 3
24 67 0 0
24 68 0 5
24 69 2 0
25 0 0 3
25 1 1 0
25 2 0 4
25 3 2 0
25 4 0 0
25 5 1 0
25 6 0 7
25 7 0 0
25 8 0 3
25 9 3 0
25 10 0 3
25 11 1 0
25 12 0 2
25 13 5 0
25 14 0 7
25 15 5 0
25 16 0 6
25 17 3 0
25 18 0 7
25 19 3 0
25 20 0 5
25 21 4 0
25 22 0 2
25 23 2 0
25 24 0 1
25 25 3 0
25 26 0 4
25 27 1 0
25 28 0 7
25 29 0 0
25 30 0 5
25 31 0 0
25 32 0 1
25 33 4 0
25 34 0 7
25 35 4 0
25 36 0 4
25 37 1 0
25 38 0 4
25 39 7 0
25 40 0 3
25 41 7 0
25 42 0 6
25 43 6 0
25 44 0 2
25 45 0 0
25 46 0 5
25 47 1 0
25 48 0 4
25 49 6 0
25 50 0 5
25 51 7 0
25 52 0 6
25 53 7 0
25 54 0 5
25 55 7 0
25 56 0 1
25 57 0 0
25 58 0 1
25 59 7 0
25 60 0 4
25 61 6 0
25 62 0 0
25 63 1 0
25 64 0 7
25 65 7 0
25 66 0 7
25 67 2 0
25 68 0 1
25 69 7 0
26 0 0 5
26 1 1 0
26 2 0 3
26 3 3 0
26 4 0 5
26 5 6 0
26 6 0 3
26 7 2 0
26 8 0 7
26 9 0 0
26 10 0 3
26 11 7 0
26 12 0 7
26 13 5 0
26 14 0 7
26 15 1 0
26 16 0 4
26 17 7 0
26 18 0 2
26 19 3 0
26 20 0 2
26 21 1 0
26 22 0 1
26 23 4 0
26 24 0 1
26 25 6 0
26 26 0 6
26 27 0 0
26 28 0 3
26 29 2 0
26 30 0 6
26 31 5 0
26 32 0 2
26 33 7 0
26 34 0 4
26 35 7 0
26 36 0 0
26 37 1 0
26 38 0 4
26 39 4 0
26 40 0 5
26 41 2 0
26 42 0 1
26 43 0 0
26 44 0 5
26 45 0 0
26 46 0 0
26 47 3 0
26 48 0 7
26 49 2 0
26 50 0 2
26 51 6 0
26 52 0 7
26 53 6 0
26 54 0 6
26 55 2 0
26 56 0 5
26 57 6 0
26 58 0 5
26 59 1 0
26 60 0 4
26 61 6 0
26 62 0 4
26 63 2 0
26 64 0 3
26 65 7 0
26 66 0 5
26 67 1 0
26 68 0 0
26 69 0 0
27 0 0 6
27 1 5 0
27 2 0 0
27 3 0 0
27 4 0 0
27 5 1 0
27 6 0 0
27 7 5 0
27 8 0 1
27 9 3 0
27 10 0 7
27 11 0 0
27 12 0 3
27 13 0 0
27 14 0 1
27 15 6 0
27 16 0 4
27 17 6 0
27 18 0 6
27 19 1 0
27 20 0 4
27 21 1 0
27 22 0 0
27 23 5 0
27 24 0 1
27 25 6 0
27 26 0 1
27 27 3 0
27 28 0 6
27 29 3 0
27 30 0 3
27 31 2 0
27 32 0 7
27 33 5 0
27 34 0 6
27 35 1 0
27 36 0 7
27 37 0 0
27 38 0 6
27 39 6 0
27 40 0 3
27 41 3 0
27 42 0 3
27 43 2 0
27 44 0 5
27 45 2 0
27 46 0 7
27 47 2 0
27 48 0 1
27 49 2 0
27 50 0 2
27 51 7 0
27 52 0 3
27 53 0 0
27 54 0 1
27 55 7 0
27 56 0 7
27 57 2 0
27 58 0 3
27 59 3 0
27 60 0 7
27 61 4 0
27 62 0 3
27 63 7 0
27 64 0 1
27 65 5 0
27 66 0 1
27 67 5 0
27 68 0 7
27 69 7 0
28 0 0 1
28 1 1 0
28 2 0 5
28 3 3 0
28 4 0 3
28 5 6 0
28 6 0 6
28 7 2 0
28 8 0 1
28 9 0 0
28 10 0 7
28 11 5 0
28 12 0 4
28 13 1 0
28 14 0 2
28 15 6 0
28 16 0 7
28 17 5 0
28 18 0 5
28 19 5 0
28 20 0 1
28 21 5 0
28 22 0 1
28 23 4 0
28 24 0 7
28 25 7 0
28 26 0 3
28 27 3 0
28 28 0 1
28 29 4 0
28 30 0 6
28 31 5 0
28 32 0 1
28 33 1 0
28 34 0 7
28 35 1 0
28 36 0 7
28 37 6 0
28 38 0 0
28 39 2 0
28 40 0 7
28 41 2 0
28 42 0 5
28 43 7 0
28 44 0 1
28 45 6 0
28 46 0 2
28 47 4 0
28 48 0 0
28 49 5 0
28 50 0 3
28 51 7 0
28 52 0 4
28 53 3 0
28 54 0 3
28 55 4 0
28 56 0 0
28 57 3 0
28 58 0 6
28 59 1 0
28 60 0 4
28 61 6 0
28 62 0 6
28 63 2 0
28 64 0 4
28 65 3 0
28 66 0 2
28 67 7 0
28 68 0 0
28 69 2 0
29 0 0 2
29 1 1 0
29 2 0 2
29 3 0 0
29 4 0 4
29 5 1 0
29 6 0 3
29 7 6 0
29 8 0 2
29 9 1 0
29 10 0 6
29 11 1 0
29 12 0 2
29 13 0 0
29 14 0 2
29 15 4 0
29 16 0 5
29 17 2 0
29 18 0 5
29 19 1 0
29 20 0 0
29 21 6 0
29 22 0 4
29 23 4 0
29 24 0 6
29 25 7 0
29 26 0 4
29 27 1 0
29 28 0 4
29 29 4 0
29 30 0 4
29 31 0 0
29 32 0 4
29 33 0 0
29 34 0 1
29 35 0 0
29 36 0 3
29 37 2 0
29 38 0 0
29 39 1 0
29 40 0 2
29 41 5 0
29 42 0 7
29 43 1 0
29 44 0 1
29 45 1 0
29 46 0 5
29 47 0 0
29 48 0 7
29 49 0 0
29 50 0 6
29 51 4 0
29 52 0 3
29 53 3 0
29 54 0 0
29 55 5 0
29 56 0 7
29 57 3 0
29 58 0 0
29 59 2 0
29 60 0 7
29 61 0 0
29 62 0 5
29 63 2 0
29 64 0 6
29 65 5 0
29 66 0 4
29 67 4 0
29 68 0 2
29 69 2 0
30 0 0 3
30 1 0 0
30 2 0 3
30 3 0 0
30 4 0 6
30 5 3 0
30 6 0 0
30 7 1 0
30 8 0 5
30 9 7 0
30 10 0 2
30 11 6 0
30 12 0 3
30 13 1 0
30 14 0 6
30 15 6 0
30 16 0 0
30 17 1 0
30 18 0 7
30 19 6 0
30 20 0 0
30 21 6 0
30 22 0 2
30 23 3 0
30 24 0 3
30 25 7 0
30 26 0 1
30 27 2 0
30 28 0 3
30 29 3 0
30 30 0 1
30 31 1 0
30 32 0 1
30 33 2 0
30 34 0 4
30 35 3 0
30 36 0 0
30 37 1 0
30 38 0 7
30 39 0 0
30 40 0 0
30 41 2 0
30 42 0 4
30 43 2 0
30 44 0 4
30 45 1 0
30 46 0 2
30 47 1 0
30 48 0 5
30 49 1 0
30 50 0 0
30 51 0 0
30 52 0 5
30 53 5 0
30 54 0 6
30 55 6 0
30 56 0 4
30 57 7 0
30 58 0 4
30 59 6 0
30 60 0 7
30 61 5 0
30 62 0 0
30 63 7 0
30 64 0 4
30 65 7 0
30 66 0 5
30 67 5 0
30 68 0 7
30 69 2 0
31 0 0 7
31 1 6 0
31 2 0 0
31 3 0 0
31 4 0 0
31 5 6 0
31 6 0 2
31 7 5 0
31 8 0 5
31 9 3 0
31 10 0 6
31 11 4 0
31 12 0 1
31 13 2 0
31 14 0 6
31 15 0 0
31 16 0 1
31 17 0 0
31 18 0 2
31 19 3 0
31 20 0 7
31 21 2 0
31 22 0 7
31 23 2 0
31 24 0 0
31 25 5 0
31 26 0 2
31 27 7 0
31 28 0 6
31 29 6 0
31 30 0 2
31 31 6 0
31 32 0 6
31 33 4 0
31 34 0 4
31 35 1 0
31 36 0 3
31 37 1 0
31 38 0 4
31 39 4 0
31 40 0 1
31 41 5 0
31 42 0 3
31 43 2 0
31 44 0 3
31 45 3 0
31 46 0 3
31 47 6 0
31 48 0 5
31 49 1 0
31 50 0 4
31 51 2 0
31 52 0 3
31 53 4 0
31 54 0 3
31 55 3 0
31 56 0 0
31 57 2 0
31 58 0 6
31 59 3 0
31 60 0 0
31 61 7 0
31 62 0 1
31 63 6 0
31 64 0 6
31 65 1 0
31 66 0 4
31 67 5 0
31 68 0 6
31 69 3 0
32 0 0 2
32 1 7 0
32 2 0 5
32 3 6 0
32 4 0 4
32 5 3 0
32 6 0 4
32 7 3 0
32 8 0 4
32 9 7 0
32 10 0 2
32 11 2 0
32 12 0 2
32 13 4 0
32 14 0 6
32 15 6 0
32 16 0 3
32 17 7 0
32 18 0 0
32 19 7 0
32 20 0 5
32 21 2 0
32 22 0 1
32 23 6 0
32 24 0 4
32 25 1 0
32 26 0 7
32 27 5 0
32 28 0 0
32 29 5 0
32 30 0 2
32 31 5 0
32 32 0 5
32 33 4 0
32 34 0 2
32 35 5 0
32 36 0 1
32 37 7 0
32 38 0 6
32 39 2 0
32 40 0 2
32 41 3 0
32 42 0 6
32 43 2 0
32 44 0 5
32 45 1 0
32 46 0 2
32 47 7 0
32 48 0 0
32 49 6 0
32 50 0 1
32 51 2 0
32 52 0 1
32 53 4 0
32 54 0 3
32 55 5 0
32 56 0 4
32 57 7 0
32 58 0 7
32 59 0 0
32 60 0 1
32 61 0 0
32 62 0 6
32 63 5 0
32 64 0 3
32 65 5 0
32 66 0 6
32 67 5 0
32 68 0 3
32 69 7 0
33 0 0 0
33 1 1 0
33 2 0 3
33 3 3 0
33 4 0 3
33 5 0 0
33 6 0 4
33 7 2 0
33 8 0 7
33 9 0 0
33 10 0 0
33 11 1 0
33 12 0 2
33 13 5 0
33 14 0 0
33 15 1 0
33 16 0 6
33 17 4 0
33 18 0 0
33 19 0 0
33 20 0 0
33 21 3 0
33 22 0 6
33 23 6 0
33 24 0 3
33 25 5 0
33 26 0 6
33 27 1 0
33 28 0 3
33 29 3 0
33 30 0 1
33 31 2 0
33 32 0 3
33 33 6 0
33 34 0 1
33 35 6 0
33 36 0 0
33 37 7 0
33 38 0 7
33 39 5 0
33 40 0 3
33 41 7 0
33 42 0 6
33 43 6 0
33 44 0 3
33 45 7 0
33 46 0 5
33 47 2 0
33 48 0 0
33 49 1 0
33 50 0 0
33 51 4 0
33 52 0 1
33 53 5 0
33 54 0 7
33 55 0 0
33 56 0 7
33 57 5 0
33 58 0 6
33 59 0 0
33 60 0 0
33 61 1 0
33 62 0 3
33 63 0 0
33 64 0 5
33 65 3 0
33 66 0 4
33 67 4 0
33 68 0 5
33 69 4 0
34 0 0 6
34 1 5 0
34 2 0 0
34 3 6 0
34 4 0 7
34 5 7 0
34 6 0 4
34 7 0 0
34 8 0 5
34 9 6 0
34 10 0 3
34 11 6 0
34 12 0 4
34 13 4 0
34 14 0 2
34 15 6 0
34 16 0 5
34 17 4 0
34 18 0 4
34 19 3 0
34 20 0 1
34 21 3 0
34 22 0 6
34 23 6 0
34 24 0 2
34 25 2 0
34 26 0 0
34 27 0 0
34 28 0 2
34 29 5 0
34 30 0 2
34 31 1 0
34 32 0 2
34 33 7 0
34 34 0 5
34 35 4 0
34 36 0 4
34 37 4 0
34 38 0 5
34 39 1 0
34 40 0 2
34 41 5 0
34 42 0 6
34 43 2 0
34 44 0 5
34 45 7 0
34 46 0 4
34 47 6 0
34 48 0 6
34 49 4 0
34 50 0 1
34 51 1 0
34 52 0 1
34 53 1 0
34 54 0 3
34 55 2 0
34 56 0 5
34 57 6 0
34 58 0 4
34 59 3 0
34 60 0 5
34 61 2 0
34 62 0 0
34 63 5 0
34 64 0 2
34 65 4 0
34 66 0 2
34 67 2 0
34 68 0 6
34 69 3 0
35 0 0 7
35 1 0 0
35 2 0 3
35 3 7 0
35 4 0 1
35 5 5 0
35 6 0 2
35 7 5 0
35 8 0 6
35 9 6 0
35 10 0 4
35 11 7 0
35 12 0 7
35 13 6 0
35 14 0 5
35 15 2 0
35 16 0 1
35 17 5 0
35 18 0 4
35 19 6 0
35 20 0 7
35 21 6 0
35 22 0 4
35 23 2 0
35 24 0 6
35 25 0 0
35 26 0 6
35 27 5 0
35 28 0 7
35 29 6 0
35 30 0 4
35 31 6 0
35 32 0 1
35 33 0 0
35 34 0 0
35 35 5 0
35 36 0 5
35 37 7 0
35 38 0 3
35 39 7 0
35 40 0 0
35 41 4 0
35 42 0 6
35 43 6 0
35 44 0 4
35 45 2 0
35 46 0 5
35 47 6 0
35 48 0 7
35 49 0 0
35 50 0 7
35 51 2 0
35 52 0 3
35 53 0 0
35 54 0 7
35 55 5 0
35 56 0 4
35 57 3 0
35 58 0 6
35 59 1 0
35 60 0 5
35 61 2 0
35 62 0 7
35 63 4 0
35 64 0 3
35 65 6 0
35 66 0 1
35 67 5 0
35 68 0 0
35 69 1 0
36 0 0 0
36 1 4 0
36 2 0 2
36 3 3 0
36 4 0 5
36 5 7 0
36 6 0 2
36 7 6 0
36 8 0 2
36 9 6 0
36 10 0 6
36 11 2 0
36 12 0 6
36 13 0 0
36 14 0 6
36 15 1 0
36 16 0 7
36 17 3 0
36 18 0 2
36 19 4 0
36 20 0 3
36 21 0 0
36 22 0 3
36 23 5 0
36 24 0 5
36 25 5 0
36 26 0 6
36 27 3 0
36 28 0 7
36 29 2 0
36 30 0 4
36 31 2 0
36 32 0 2
36 33 4 0
36 34 0 5
36 35 0 0
36 36 0 7
36 37 4 0
36 38 0 0
36 39 0 0
36 40 0 2
36 41 1 0
36 42 0 4
36 43 3 0
36 44 0 2
36 45 2 0
36 46 0 3
36 47 2 0
36 48 0 3
36 49 5 0
36 50 0 1
36 51 5 0
36 52 0 3
36 53 3 0
36 54 0 1
36 55 0 0
36 56 0 0
36 57 1 0
36 58 0 1
36 59 0 0
36 60 0 1
36 61 1 0
36 62 0 1
36 63 2 0
36 64 0 0
36 65 7 0
36 66 0 0
36 67 4 0
36 68 0 6
36 69 5 0
37 0 0 6
37 1 2 0
37 2 0 7
37 3 7 0
37 4 0 3
37 5 3 0
37 6 0 2
37 7 7 0
37 8 0 7
37 9 2 0
37 10 0 3
37 11 2 0
37 12 0 0
37 13 5 0
37 14 0 0
37 15 1 0
37 16 0 0
37 17 1 0
37 18 0 7
37 19 1 0
37 20 0 4
37 21 4 0
37 22 0 7
37 23 4 0
37 24 0 5
37 25 1 0
37 26 0 2
37 27 5 0
37 28 0 3
37 29 0 0
37 30 0 2
37 31 0 0
37 32 0 5
37 33 4 0
37 34 0 0
37 35 0 0
37 36 0 2
37 37 3 0
37 38 0 6
37 39 7 0
37 40 0 4
37 41 1 0
37 42 0 7
37 43 2 0
37 44 0 7
37 45 5 0
37 46 0 2
37 47 2 0
37 48 0 6
37 49 2 0
37 50 0 3
37 51 4 0
37 52 0 7
37 53 7 0
37 54 0 1
37 55 1 0
37 56 0 2
37 57 0 0
37 58 0 1
37 59 7 0
37 60 0 6
37 61 3 0
37 62 0 1
37 63 7 0
37 64 0 4
37 65 4 0
37 66 0 6
37 67 5 0
37 68 0 1
37 69 2 0
38 0 0 7
38 1 3 0
38 2 0 1
38 3 7 0
38 4 0 7
38 5 5 0
38 6 0 7
38 7 4 0
38 8 0 7
38 9 6 0
38 10 0 5
38 11 2 0
38 12 0 2
38 13 2 0
38 14 0 2
38 15 2 0
38 16 0 0
38 17 3 0
38 18 0 7
38 19 6 0
38 20 0 3
38 21 4 0
38 22 0 1
38 23 6 0
38 24 0 5
38 25 1 0
38 26 0 3
38 27 4 0
38 28 0 0
38 29 5 0
38 30 0 1
38 31 0 0
38 32 0 4
38 33 1 0
38 34 0 6
38 35 5 0
38 36 0 4
38 37 4 0
38 38 0 6
38 39 2 0
38 40 0 1
38 41 6 0
38 42 0 5
38 43 2 0
38 44 0 6
38 45 4 0
38 46 0 6
38 47 4 0
38 48 0 3
38 49 7 0
38 50 0 4
38 51 3 0
38 52 0 2
38 53 5 0
38 54 0 5
38 55 7 0
38 56 0 5
38 57 6 0
38 58 0 2
38 59 3 0
38 60 0 6
38 61 0 0
38 62 0 1
38 63 5 0
38 64 0 5
38 65 3 0
38 66 0 3
38 67 2 0
38 68 0 5
38 69 6 0
39 0 0 6
39 1 7 0
39 2 0 7
39 3 1 0
39 4 0 4
39 5 0 0
39 6 0 6
39 7 0 0
39 8 0 2
39 9 5 0
39 10 0 2
39 11 6 0
39 12 0 2
39 13 0 0
39 14 0 5
39 15 0 0
39 16 0 1
39 17 0 0
39 18 0 1
39 19 6 0
39 20 0 2
39 21 1 0
39 22 0 0
39 23 6 0
39 24 0 1
39 25 2 0
39 26 0 2
39 27 1 0
39 28 0 1
39 29 6 0
39 30 0 3
39 31 3 0
39 32 0 6
39 33 3 0
39 34 0 2
39 35 7 0
39 36 0 4
39 37 6 0
39 38 0 3
39 39 0 0
39 40 0 6
39 41 5 0
39 42 0 5
39 43 1 0
39 44 0 0
39 45 3 0
39 46 0 5
39 47 7 0
39 48 0 6
39 49 0 0
39 50 0 1
39 51 2 0
39 52 0 2
39 53 7 0
39 54 0 6
39 55 0 0
39 56 0 1
39 57 6 0
39 58 0 3
39 59 1 0
39 60 0 7
39 61 1 0
39 62 0 4
39 63 3 0
39 64 0 7
39 65 7 0
39 66 0 0
39 67 0 0
39 68 0 4
39 69 3 0
40 0 0 3
40 1 4 0
40 2 0 3
40 3 5 0
40 4 0 5
40 5 7 0
40 6 0 6
40 7 6 0
40 8 0 0
40 9 1 0
40 10 0 2
40 11 0 0
40 12 0 6
40 13 1 0
40 14 0 2
40 15 3 0
40 16 0 1
40 17 4 0
40 18 0 2
40 19 1 0
40 20 0 1
40 21 5 0
40 22 0 5
40 23 4 0
40 24 0 2
40 25 7 0
40 26 0 7
40 27 2 0
40 28 0 3
40 29 4 0
40 30 0 4
40 31 0 0
40 32 0 0
40 33 2 0
40 34 0 7
40 35 3 0
40 36 0 1
40 37 1 0
40 38 0 4
40 39 1 0
40 40 0 0
40 41 6 0
40 42 0 7
40 43 6 0
40 44 0 7
40 45 3 0
40 46 0 2
40 47 7 0
40 48 0 0
40 49 4 0
40 50 0 3
40 51 3 0
40 52 0 3
40 53 4 0
40 54 0 3
40 55 5 0
40 56 0 4
40 57 6 0
40 58 0 0
40 59 4 0
40 60 0 2
40 61 4 0
40 62 0 4
40 63 3 0
40 64 0 1
40 65 4 0
40 66 0 4
40 67 1 0
40 68 0 1
40 69 5 0
41 0 0 2
41 1 2 0
41 2 0 5
41 3 7 0
41 4 0 4
41 5 4 0
41 6 0 4
41 7 0 0
41 8 0 3
41 9 3 0
41 10 0 3
41 11 0 0
41 12 0 4
41 13 5 0
41 14 0 1
41 15 6 0
41 16 0 2
41 17 6 0
41 18 0 2
41 19 0 0
41 20 0 2
41 21 6 0
41 22 0 5
41 23 7 0
41 24 0 5
41 25 6 0
41 26 0 6
41 27 1 0
41 28 0 2
41 29 7 0
41 30 0 5
41 31 5 0
41 32 0 1
41 33 3 0
41 34 0 5
41 35 2 0
41 36 0 1
41 37 1 0
41 38 0 6
41 39 1 0
41 40 0 3
41 41 5 0
41 42 0 3
41 43 6 0
41 44 0 5
41 45 6 0
41 46 0 4
41 47 3 0
41 48 0 1
41 49 7 0
41 50 0 5
41 51 5 0
41 52 0 3
41 53 6 0
41 54 0 5
41 55 6 0
41 56 0 6
41 57 0 0
41 58 0 0
41 59 1 0
41 60 0 7
41 61 3 0
41 62 0 6
41 63 0 0
41 64 0 0
41 65 3 0
41 66 0 2
41 67 1 0
41 68 0 7
41 69 5 0
42 0 0 3
42 1 5 0
42 2 0 5
42 3 7 0
42 4 0 6
42 5 0 0
42 6 0 7
42 7 6 0
42 8 0 3
42 9 4 0
42 10 0 0
42 11 6 0
42 12 0 4
42 13 6 0
42 14 0 5
42 15 6 0
42 16 0 1
42 17 7 0
42 18 0 7
42 19 2 0
42 20 0 6
42 21 4 0
42 22 0 5
42 23 7 0
42 24 0 3
42 25 7 0
42 26 0 0
42 27 2 0
42 28 0 3
42 29 4 0
42 30 0 5
42 31 1 0
42 32 0 5
42 33 4 0
42 34 0 6
42 35 0 0
42 36 0 6
42 37 5 0
42 38 0 1
42 39 6 0
42 40 0 6
42 41 0 0
42 42 0 7
42 43 5 0
42 44 0 7
42 45 2 0
42 46 0 7
42 47 6 0
42 48 0 1
42 49 4 0
42 50 0 1
42 51 2 0
42 52 0 0
42 53 3 0
42 54 0 3
42 55 2 0
42 56 0 4
42 57 0 0
42 58 0 7
42 59 0 0
42 60 0 0
42 61 1 0
42 62 0 3
42 63 4 0
42 64 0 3
42 65 7 0
42 66 0 7
42 67 0 0
42 68 0 3
42 69 6 0
43 0 0 3
43 1 4 0
43 2 0 5
43 3 7 0
43 4 0 7
43 5 3 0
43 6 0 6
43 7 1 0
43 8 0 1
43 9 4 0
43 10 0 5
43 11 4 0
43 12 0 2
43 13 2 0
43 14 0 6
43 15 5 0
43 16 0 1
43 17 4 0
43 18 0 1
43 19 5 0
43 20 0 7
43 21 6 0
43 22 0 1
43 23 2 0
43 24 0 1
43 25 6 0
43 26 0 6
43 27 4 0
43 28 0 1
43 29 0 0
43 30 0 3
43 31 1 0
43 32 0 5
43 33 2 0
43 34 0 0
43 35 2 0
43 36 0 7
43 37 1 0
43 38 0 1
43 39 4 0
43 40 0 3
43 41 2 0
43 42 0 6
43 43 7 0
43 44 0 4
43 45 1 0
43 46 0 1
43 47 2 0
43 48 0 0
43 49 6 0
43 50 0 3
43 51 5 0
43 52 0 7
43 53 3 0
43 54 0 7
43 55 6 0
43 56 0 0
43 57 7 0
43 58 0 5
43 59 5 0
43 60 0 3
43 61 6 0
43 62 0 0
43 63 0 0
43 64 0 0
43 65 7 0
43 66 0 0
43 67 0 0
43 68 0 7
43 69 5 0
44 0 0 1
44 1 1 0
44 2 0 6
44 3 7 0
44 4 0 2
44 5 6 0
44 6 0 7
44 7 0 0
44 8 0 0
44 9 3 0
44 10 0 6
44 11 7 0
44 12 0 1
44 13 1 0
44 14 0 7
44 15 7 0
44 16 0 1
44 17 5 0
44 18 0 6
44 19 0 0
44 20 0 7
44 21 1 0
44 22 0 6
44 23 4 0
44 24 0 1
44 25 2 0
44 26 0 3
44 27 4 0
44 28 0 4
44 29 1 0
44 30 0 7
44 31 1 0
44 32 0 5
44 33 2 0
44 34 0 1
44 35 3 0
44 36 0 4
44 37 0 0
44 38 0 1
44 39 5 0
44 40 0 3
44 41 6 0
44 42 0 5
44 43 7 0
44 44 0 3
44 45 7 0
44 46 0 0
44 47 3 0
44 48 0 7
44 49 0 0
44 50 0 5
44 51 0 0
44 52 0 7
44 53 1 0
44 54 0 0
44 55 2 0
44 56 0 6
44 57 7 0
44 58 0 6
44 59 7 0
44 60 0 4
44 61 5 0
44 62 0 0
44 63 4 0
44 64 0 5
44 65 6 0
44 66 0 4
44 67 6 0
44 68 0 1
44 69 5 0
45 0 0 4
45 1 2 0
45 2 0 2
45 3 5 0
45 4 0 5
45 5 6 0
45 6 0 1
45 7 1 0
45 8 0 0
45 9 5 0
45 10 0 1
45 11 6 0
45 12 0 5
45 13 7 0
45 14 0 2
45 15 3 0
45 16 0 3
45 17 6 0
45 18 0 7
45 19 0 0
45 20 0 1
45 21 2 0
45 22 0 1
45 23 4 0
45 24 0 1
45 25 6 0
45 26 0 2
45 27 6 0
45 28 0 7
45 29 1 0
45 30 0 2
45 31 5 0
45 32 0 7
45 33 6 0
45 34 0 6
45 35 7 0
45 36 0 4
45 37 4 0
45 38 0 4
45 39 6 0
45 40 0 1
45 41 7 0
45 42 0 0
45 43 7 0
45 44 0 4
45 45 5 0
45 46 0 2
45 47 1 0
45 48 0 6
45 49 2 0
45 50 0 5
45 51 4 0
45 52 0 5
45 53 4 0
45 54 0 2
45 55 7 0
45 56 0 2
45 57 0 0
45 58 0 3
45 59 0 0
45 60 0 3
45 61 3 0
45 62 0 0
45 63 1 0
45 64 0 2
45 65 2 0
45 66 0 6
45 67 5 0
45 68 0 4
45 69 2 0
46 0 0 3
46 1 7 0
46 2 0 3
46 3 0 0
46 4 0 3
46 5 3 0
46 6 0 4
46 7 3 0
46 8 0 6
46 9 2 0
46 10 0 2
46 11 5 0
46 12 0 7
46 13 3 0
46 14 0 1
46 15 6 0
46 16 0 7
46 17 5 0
46 18 0 3
46 19 1 0
46 20 0 0
46 21 6 0
46 22 0 7
46 23 4 0
46 24 0 2
46 25 7 0
46 26 0 5
46 27 4 0
46 28 0 2
46 29 6 0
46 30 0 4
46 31 7 0
46 32 0 6
46 33 2 0
46 34 0 4
46 35 1 0
46 36 0 2
46 37 2 0
46 38 0 4
46 39 0 0
46 40 0 6
46 41 7 0
46 42 0 5
46 43 7 0
46 44 0 5
46 45 5 0
46 46 0 5
46 47 7 0
46 48 0 0
46 49 6 0
46 50 0 5
46 51 1 0
46 52 0 1
46 53 7 0
46 54 0 3
46 55 5 0
46 56 0 1
46 57 1 0
46 58 0 1
46 59 6 0
46 60 0 2
46 61 2 0
46 62 0 4
46 63 4 0
46 64 0 5
46 65 1 0
46 66 0 6
46 67 0 0
46 68 0 5
46 69 5 0
47 0 0 4
47 1 4 0
47 2 0 2
47 3 7 0
47 4 0 1
47 5 1 0
47 6 0 0
47 7 3 0
47 8 0 1
47 9 6 0
47 10 0 5
47 11 3 0
47 12 0 7
47 13 0 0
47 14 0 7
47 15 4 0
47 16 0 0
47 17 5 0
47 18 0 3
47 19 7 0
47 20 0 5
47 21 7 0
47 22 0 7
47 23 1 0
47 24 0 5
47 25 7 0
47 26 0 1
47 27 3 0
47 28 0 0
47 29 7 0
47 30 0 5
47 31 3 0
47 32 0 5
47 33 7 0
47 34 0 3
47 35 2 0
47 36 0 5
47 37 2 0
47 38 0 7
47 39 4 0
47 40 0 6
47 41 6 0
47 42 0 7
47 43 3 0
47 44 0 1
47 45 7 0
47 46 0 0
47 47 3 0
47 48 0 4
47 49 4 0
47 50 0 2
47 51 7 0
47 52 0 1
47 53 0 0
47 54 0 0
47 55 3 0
47 56 0 5
47 57 2 0
47 58 0 1
47 59 1 0
47 60 0 2
47 61 6 0
47 62 0 1
47 63 4 0
47 64 0 6
47 65 2 0
47 66 0 0
47 67 0 0
47 68 0 1
47 69 2 0
48 0 0 2
48 1 0 0
48 2 0 3
48 3 4 0
48 4 0 5
48 5 5 0
48 6 0 3
48 7 4 0
48 8 0 6
48 9 6 0
48 10 0 1
48 11 2 0
48 12 0 5
48 13 3 0
48 14 0 6
48 15 7 0
48 16 0 5
48 17 1 0
48 18 0 6
48 19 4 0
48 20 0 5
48 21 1 0
48 22 0 5
48 23 3 0
48 24 0 1
48 25 1 0
48 26 0 7
48 27 4 0
48 28 0 1
48 29 1 0
48 30 0 6
48 31 1 0
48 32 0 1
48 33 7 0
48 34 0 0
48 35 2 0
48 36 0 7
48 37 4 0
48 38 0 6
48 39 1 0
48 40 0 1
48 41 4 0
48 42 0 6
48 43 7 0
48 44 0 4
48 45 2 0
48 46 0 2
48 47 6 0
48 48 0 6
48 49 2 0
48 50 0 0
48 51 5 0
48 52 0 5
48 53 5 0
48 54 0 0
48 55 0 0
48 56 0 6
48 57 1 0
48 58 0 0
48 59 5 0
48 60 0 7
48 61 6 0
48 62 0 3
48 63 7 0
48 64 0 4
48 65 2 0
48 66 0 5
48 67 7 0
48 68 0 6
48 69 5 0
49 0 0 1
49 1 6 0
49 2 0 7
49 3 6 0
49 4 0 4
49 5 4 0
49 6 0 0
49 7 4 0
49 8 0 7
49 9 4 0
49 10 0 4
49 11 6 0
49 12 0 1
49 13 6 0
49 14 0 2
49 15 4 0
49 16 0 3
49 17 4 0
49 18 0 6
49 19 4 0
49 20 0 2
49 21 5 0
49 22 0 0
49 23 6 0
49 24 0 0
49 25 5 0
49 26 0 4
49 27 7 0
49 28 0 3
49 29 3 0
49 30 0 1
49 31 2 0
49 32 0 4
49 33 1 0
49 34 0 2
49 35 2 0
49 36 0 2
49 37 0 0
49 38 0 0
49 39 2 0
49 40 0 5
49 41 2 0
49 42 0 5
49 43 6 0
49 44 0 3
49 45 6 0
49 46 0 3
49 47 7 0
49 48 0 6
49 49 7 0
49 50 0 3
49 51 2 0
49 52 0 3
49 53 5 0
49 54 0 6
49 55 1 0
49 56 0 5
49 57 2 0
49 58 0 0
49 59 1 0
49 60 0 1
49 61 6 0
49 62 0 0
49 63 2 0
49 64 0 0
49 65 4 0
49 66 0 1
49 67 2 0
49 68 0 7
49 69 3 0
50 0 0 4
50 1 3 0
50 2 0 2
50 3 6 0
50 4 0 4
50 5 0 0
50 6 0 5
50 7 5 0
50 8 0 0
50 9 4 0
50 10 0 1
50 11 1 0
50 12 0 4
50 13 3 0
50 14 0 6
50 15 3 0
50 16 0 0
50 17 7 0
50 18 0 3
50 19 6 0
50 20 0 0
50 21 5 0
50 22 0 7
50 23 1 0
50 24 0 3
50 25 5 0
50 26 0 3
50 27 6 0
50 28 0 4
50 29 5 0
50 30 0 6
50 31 6 0
50 32 0 4
50 33 7 0
50 34 0 0
50 35 2 0
50 36 0 6
50 37 6 0
50 38 0 7
50 39 3 0
50 40 0 1
50 41 5 0
50 42 0 5
50 43 3 0
50 44 0 2
50 45 0 0
50 46 0 0
50 47 2 0
50 48 0 7
50 49 1 0
50 50 0 1
50 51 2 0
50 52 0 5
50 53 4 0
50 54 0 5
50 55 3 0
50 56 0 2
50 57 4 0
50 58 0 7
50 59 0 0
50 60 0 4
50 61 4 0
50 62 0 4
50 63 7 0
50 64 0 1
50 65 6 0
50 66 0 6
50 67 5 0
50 68 0 4
50 69 7 0
51 0 0 1
51 1 0 0
51 2 0 7
51 3 1 0
51 4 0 1
51 5 4 0
51 6 0 3
51 7 0 0
51 8 0 2
51 9 7 0
51 10 0 2
51 11 6 0
51 12 0 7
51 13 5 0
51 14 0 5
51 15 7 0
51 16 0 4
51 17 4 0
51 18 0 6
51 19 5 0
51 20 0 3
51 21 0 0
51 22 0 0
51 23 5 0
51 24 0 3
51 25 0 0
51 26 0 2
51 27 1 0
51 28 0 4
51 29 0 0
51 30 0 7
51 31 4 0
51 32 0 4
51 33 5 0
51 34 0 1
51 35 0 0
51 36 0 5
51 37 4 0
51 38 0 1
51 39 3 0
51 40 0 5
51 41 3 0
51 42 0 1
51 43 6 0
51 44 0 5
51 45 7 0
51 46 0 2
51 47 5 0
51 48 0 3
51 49 4 0
51 50 0 6
51 51 2 0
51 52 0 0
51 53 0 0
51 54 0 0
51 55 2 0
51 56 0 2
51 57 1 0
51 58 0 7
51 59 6 0
51 60 0 2
51 61 1 0
51 62 0 6
51 63 4 0
51 64 0 7
51 65 1 0
51 66 0 7
51 67 3 0
51 68 0 2
51 69 4 0
52 0 0 3
52 1 2 0
52 2 0 0
52 3 7 0
52 4 0 4
52 5 1 0
52 6 0 4
52 7 0 0
52 8 0 4
52 9 7 0
52 10 0 2
52 11 4 0
52 12 0 2
52 13 3 0
52 14 0 4
52 15 7 0
52 16 0 4
52 17 2 0
52 18 0 1
52 19 0 0
52 20 0 0
52 21 7 0
52 22 0 1
52 23 2 0
52 24 0 2
52 25 7 0
52 26 0 2
52 27 4 0
52 28 0 1
52 29 1 0
52 30 0 7
52 31 2 0
52 32 0 2
52 33 4 0
52 34 0 4
52 35 2 0
52 36 0 3
52 37 0 0
52 38 0 2
52 39 0 0
52 40 0 1
52 41 3 0
52 42 0 1
52 43 3 0
52 44 0 3
52 45 6 0
52 46 0 1
52 47 5 0
52 48 0 5
52 49 6 0
52 50 0 0
52 51 7 0
52 52 0 6
52 53 4 0
52 54 0 0
52 55 2 0
52 56 0 1
52 57 5 0
52 58 0 6
52 59 7 0
52 60 0 0
52 61 2 0
52 62 0 4
52 63 0 0
52 64 0 4
52 65 1 0
52 66 0 7
52 67 5 0
52 68 0 7
52 69 2 0
53 0 0 2
53 1 0 0
53 2 0 3
53 3 3 0
53 4 0 1
53 5 1 0
53 6 0 0
53 7 5 0
53 8 0 6
53 9 3 0
53 10 0 1
53 11 5 0
53 12 0 0
53 13 5 0
53 14 0 7
53 15 3 0
53 16 0 7
53 17 2 0
53 18 0 5
53 19 6 0
53 20 0 2
53 21 1 0
53 22 0 3
53 23 6 0
53 24 0 1
53 25 5 0
53 26 0 3
53 27 1 0
53 28 0 3
53 29 6 0
53 30 0 7
53 31 7 0
53 32 0 1
53 33 7 0
53 34 0 1
53 35 6 0
53 36 0 1
53 37 6 0
53 38 0 1
53 39 7 0
53 40 0 4
53 41 0 0
53 42 0 2
53 43 6 0
53 44 0 0
53 45 2 0
53 46 0 5
53 47 6 0
53 48 0 7
53 49 0 0
53 50 0 5
53 51 3 0
53 52 0 6
53 53 2 0
53 54 0 2
53 55 6 0
53 56 0 7
53 57 2 0
53 58 0 7
53 59 5 0
53 60 0 7
53 61 7 0
53 62 0 3
53 63 0 0
53 64 0 0
53 65 5 0
53 66 0 3
53 67 4 0
53 68 0 1
53 69 3 0
54 0 0 6
54 1 4 0
54 2 0 1
54 3 4 0
54 4 0 0
54 5 4 0
54 6 0 0
54 7 6 0
54 8 0 0
54 9 4 0
54 10 0 6
54 11 6 0
54 12 0 2
54 13 3 0
54 14 0 2
54 15 2 0
54 16 0 5
54 17 1 0
54 18 0 4
54 19 5 0
54 20 0 6
54 21 3 0
54 22 0 3
54 23 7 0
54 24 0 3
54 25 3 0
54 26 0 0
54 27 3 0
54 28 0 1
54 29 6 0
54 30 0 1
54 31 7 0
54 32 0 0
54 33 5 0
54 34 0 7
54 35 7 0
54 36 0 1
54 37 4 0
54 38 0 0
54 39 2 0
54 40 0 6
54 41 5 0
54 42 0 6
54 43 3 0
54 44 0 2
54 45 6 0
54 46 0 6
54 47 2 0
54 48 0 5
54 49 7 0
54 50 0 2
54 51 0 0
54 52 0 2
54 53 5 0
54 54 0 0
54 55 7 0
54 56 0 0
54 57 2 0
54 58 0 0
54 59 0 0
54 60 0 4
54 61 3 0
54 62 0 2
54 63 2 0
54 64 0 5
54 65 0 0
54 66 0 5
54 67 2 0
54 68 0 7
54 69 0 0
55 0 0 1
55 1 5 0
55 2 0 1
55 3 2 0
55 4 0 6
55 5 0 0
55 6 0 7
55 7 5 0
55 8 0 3
55 9 0 0
55 10 0 1
55 11 0 0
55 12 0 1
55 13 3 0
55 14 0 2
55 15 3 0
55 16 0 5
55 17 5 0
55 18 0 1
55 19 4 0
55 20 0 1
55 21 4 0
55 22 0 3
55 23 3 0
55 24 0 3
55 25 5 0
55 26 0 7
55 27 7 0
55 28 0 4
55 29 3 0
55 30 0 1
55 31 6 0
55 32 0 2
55 33 7 0
55 34 0 0
55 35 2 0
55 36 0 7
55 37 3 0
55 38 0 0
55 39 6 0
55 40 0 0
55 41 6 0
55 42 0 1
55 43 5 0
55 44 0 7
55 45 4 0
55 46 0 6
55 47 3 0
55 48 0 2
55 49 3 0
55 50 0 6
55 51 2 0
55 52 0 1
55 53 7 0
55 54 0 6
55 55 6 0
55 56 0 4
55 57 6 0
55 58 0 6
55 59 1 0
55 60 0 2
55 61 4 0
55 62 0 7
55 63 1 0
55 64 0 3
55 65 1 0
55 66 0 3
55 67 5 0
55 68 0 0
55 69 6 0
56 0 0 6
56 1 3 0
56 2 0 5
56 3 4 0
56 4 0 5
56 5 5 0
56 6 0 6
56 7 5 0
56 8 0 6
56 9 7 0
56 10 0 7
56 11 0 0
56 12 0 0
56 13 3 0
56 14 0 2
56 15 1 0
56 16 0 6
56 17 5 0
56 18 0 5
56 19 7 0
56 20 0 0
56 21 7 0
56 22 0 1
56 23 5 0
56 24 0 2
56 25 6 0
56 26 0 5
56 27 1 0
56 28 0 3
56 29 3 0
56 30 0 1
56 31 0 0
56 32 0 7
56 33 3 0
56 34 0 3
56 35 0 0
56 36 0 6
56 37 0 0
56 38 0 5
56 39 5 0
56 40 0 3
56 41 6 0
56 42 0 4
56 43 5 0
56 44 0 5
56 45 6 0
56 46 0 3
56 47 3 0
56 48 0 2
56 49 7 0
56 50 0 7
56 51 7 0
56 52 0 7
56 53 0 0
56 54 0 1
56 55 4 0
56 56 0 1
56 57 7 0
56 58 0 6
56 59 1 0
56 60 0 7
56 61 5 0
56 62 0 2
56 63 2 0
56 64 0 5
56 65 7 0
56 66 0 1
56 67 4 0
56 68 0 3
56 69 6 0
57 0 0 4
57 1 4 0
57 2 0 4
57 3 0 0
57 4 0 2
57 5 0 0
57 6 0 7
57 7 6 0
57 8 0 5
57 9 4 0
57 10 0 2
57 11 4 0
57 12 0 1
57 13 7 0
57 14 0 2
57 15 4 0
57 16 0 0
57 17 3 0
57 18 0 4
57 19 3 0
57 20 0 0
57 21 1 0
57 22 0 7
57 23 1 0
57 24 0 3
57 25 2 0
57 26 0 7
57 27 6 0
57 28 0 7
57 29 7 0
57 30 0 4
57 31 0 0
57 32 0 4
57 33 2 0
57 34 0 1
57 35 6 0
57 36 0 0
57 37 3 0
57 38 0 6
57 39 0 0
57 40 0 6
57 41 4 0
57 42 0 6
57 43 4 0
57 44 0 3
57 45 5 0
57 46 0 1
57 47 3 0
57 48 0 0
57 49 1 0
57 50 0 3
57 51 2 0
57 52 0 2
57 53 7 0
57 54 0 3
57 55 1 0
57 56 0 5
57 57 2 0
57 58 0 5
57 59 7 0
57 60 0 5
57 61 1 0
57 62 0 1
57 63 5 0
57 64 0 3
57 65 0 0
57 66 0 2
57 67 6 0
57 68 0 7
57 69 5 0
58 0 0 0
58 1 6 0
58 2 0 0
58 3 4 0
58 4 0 6
58 5 0 0
58 6 0 5
58 7 3 0
58 8 0 5
58 9 5 0
58 10 0 7
58 11 7 0
58 12 0 7
58 13 4 0
58 14 0 5
58 15 5 0
58 16 0 4
58 17 5 0
58 18 0 7
58 19 1 0
58 20 0 0
58 21 5 0
58 22 0 3
58 23 3 0
58 24 0 3
58 25 5 0
58 26 0 3
58 27 5 0
58 28 0 0
58 29 2 0
58 30 0 5
58 31 6 0
58 32 0 7
58 33 7 0
58 34 0 2
58 35 3 0
58 36 0 3
58 37 7 0
58 38 0 0
58 39 0 0
58 40 0 4
58 41 3 0
58 42 0 0
58 43 3 0
58 44 0 6
58 45 2 0
58 46 0 0
58 47 2 0
58 48 0 1
58 49 3 0
58 50 0 1
58 51 0 0
58 52 0 7
58 53 5 0
58 54 0 2
58 55 4 0
58 56 0 1
58 57 0 0
58 58 0 4
58 59 1 0
58 60 0 2
58 61 2 0
58 62 0 4
58 63 7 0
58 64 0 2
58 65 3 0
58 66 0 4
58 67 1 0
58 68 0 4
58 69 1 0
59 0 0 2
59 1 5 0
59 2 0 0
59 3 4 0
59 4 0 0
59 5 7 0
59 6 0 2
59 7 3 0
59 8 0 2
59 9 6 0
59 10 0 2
59 11 5 0
59 12 0 4
59 13 5 0
59 14 0 2
59 15 1 0
59 16 0 1
59 17 4 0
59 18 0 3
59 19 7 0
59 20 0 4
59 21 5 0
59 22 0 0
59 23 4 0
59 24 0 3
59 25 7 0
59 26 0 1
59 27 2 0
59 28 0 7
59 29 6 0
59 30 0 1
59 31 6 0
59 32 0 6
59 33 0 0
59 34 0 1
59 35 0 0
59 36 0 1
59 37 2 0
59 38 0 3
59 39 7 0
59 40 0 6
59 41 1 0
59 42 0 7
59 43 2 0
59 44 0 6
59 45 2 0
59 46 0 1
59 47 0 0
59 48 0 0
59 49 3 0
59 50 0 1
59 51 1 0
59 52 0 5
59 53 7 0
59 54 0 2
59 55 2 0
59 56 0 2
59 57 6 0
59 58 0 4
59 59 5 0
59 60 0 2
59 61 2 0
59 62 0 3
59 63 6 0
59 64 0 1
59 65 3 0
59 66 0 5
59 67 0 0
59 68 0 2
59 69 4 0
60 0 0 7
60 1 6 0
60 2 0 1
60 3 4 0
60 4 0 1
60 5 2 0
60 6 0 1
60 7 6 0
60 8 0 5
60 9 2 0
60 10 0 0
60 11 2 0
60 12 0 4
60 13 6 0
60 14 0 6
60 15 1 0
60 16 0 1
60 17 3 0
60 18 0 2
60 19 4 0
60 20 0 4
60 21 3 0
60 22 0 5
60 23 6 0
60 24 0 0
60 25 2 0
60 26 0 5
60 27 6 0
60 28 0 6
60 29 3 0
60 30 0 3
60 31 6 0
60 32 0 0
60 33 1 0
60 34 0 5
60 35 6 0
60 36 0 6
60 37 6 0
60 38 0 4
60 39 2 0
60 40 0 5
60 41 7 0
60 42 0 7
60 43 7 0
60 44 0 3
60 45 6 0
60 46 0 7
60 47 2 0
60 48 0 4
60 49 7 0
60 50 0 2
60 51 2 0
60 52 0 0
60 53 4 0
60 54 0 0
60 55 1 0
60 56 0 2
60 57 1 0
60 58 0 0
60 59 7 0
60 60 0 3
60 61 1 0
60 62 0 4
60 63 7 0
60 64 0 5
60 65 7 0
60 66 0 1
60 67 7 0
60 68 0 0
60 69 5 0
61 0 0 0
61 1 4 0
61 2 0 1
61 3 0 0
61 4 0 7
61 5 4 0
61 6 0 6
61 7 2 0
61 8 0 1
61 9 3 0
61 10 0 3
61 11 7 0
61 12 0 2
61 13 7 0
61 14 0 0
61 15 0 0
61 16 0 4
61 17 3 0
61 18 0 1
61 19 4 0
61 20 0 5
61 21 0 0
61 22 0 4
61 23 2 0
61 24 0 6
61 25 7 0
61 26 0 6
61 27 0 0
61 28 0 5
61 29 0 0
61 30 0 7
61 31 7 0
61 32 0 4
61 33 6 0
61 34 0 1
61 35 4 0
61 36 0 0
61 37 1 0
61 38 0 5
61 39 1 0
61 40 0 3
61 41 2 0
61 42 0 7
61 43 2 0
61 44 0 2
61 45 3 0
61 46 0 5
61 47 0 0
61 48 0 0
61 49 5 0
61 50 0 3
61 51 1 0
61 52 0 1
61 53 7 0
61 54 0 2
61 55 6 0
61 56 0 0
61 57 6 0
61 58 0 4
61 59 4 0
61 60 0 1
61 61 0 0
61 62 0 1
61 63 4 0
61 64 0 0
61 65 7 0
61 66 0 6
61 67 3 0
61 68 0 0
61 69 4 0
62 0 0 1
62 1 3 0
62 2 0 5
62 3 1 0
62 4 0 6
62 5 0 0
62 6 0 3
62 7 6 0
62 8 0 5
62 9 3 0
62 10 0 4
62 11 6 0
62 12 0 2
62 13 2 0
62 14 0 6
62 15 7 0
62 16 0 3
62 17 6 0
62 18 0 2
62 19 5 0
62 20 0 6
62 21 4 0
62 22 0 6
62 23 7 0
62 24 0 0
62 25 5 0
62 26 0 4
62 27 0 0
62 28 0 7
62 29 6 0
62 30 0 1
62 31 7 0
62 32 0 1
62 33 0 0
62 34 0 7
62 35 0 0
62 36 0 2
62 37 1 0
62 38 0 3
62 39 1 0
62 40 0 2
62 41 1 0
62 42 0 0
62 43 6 0
62 44 0 5
62 45 6 0
62 46 0 2
62 47 5 0
62 48 0 1
62 49 1 0
62 50 0 4
62 51 2 0
62 52 0 4
62 53 7 0
62 54 0 3
62 55 5 0
62 56 0 3
62 57 1 0
62 58 0 0
62 59 7 0
62 60 0 4
62 61 3 0
62 62 0 2
62 63 1 0
62 64 0 5
62 65 1 0
62 66 0 1
62 67 5 0
62 68 0 2
62 69 5 0
63 0 0 4
63 1 3 0
63 2 0 3
63 3 3 0
63 4 0 5
63 5 5 0
63 6 0 4
63 7 6 0
63 8 0 0
63 9 3 0
63 10 0 4
63 11 7 0
63 12 0 7
63 13 7 0
63 14 0 6
63 15 5 0
63 16 0 0
63 17 2 0
63 18 0 3
63 19 0 0
63 20 0 5
63 21 6 0
63 22 0 5
63 23 4 0
63 24 0 3
63 25 2 0
63 26 0 5
63 27 5 0
63 28 0 4
63 29 2 0
63 30 0 7
63 31 5 0
63 32 0 6
63 33 4 0
63 34 0 1
63 35 7 0
63 36 0 1
63 37 3 0
63 38 0 7
63 39 0 0
63 40 0 5
63 41 0 0
63 42 0 2
63 43 1 0
63 44 0 2
63 45 4 0
63 46 0 4
63 47 6 0
63 48 0 6
63 49 7 0
63 50 0 6
63 51 2 0
63 52 0 2
63 53 4 0
63 54 0 3
63 55 1 0
63 56 0 5
63 57 3 0
63 58 0 2
63 59 4 0
63 60 0 7
63 61 6 0
63 62 0 7
63 63 0 0
63 64 0 7
63 65 4 0
63 66 0 3
63 67 7 0
63 68 0 7
63 69 1 0
64 0 0 7
64 1 6 0
64 2 0 2
64 3 4 0
64 4 0 5
64 5 5 0
64 6 0 5
64 7 7 0
64 8 0 7
64 9 3 0
64 10 0 3
64 11 3 0
64 12 0 6
64 13 7 0
64 14 0 7
64 15 2 0
64 16 0 5
64 17 0 0
64 18 0 6
64 19 3 0
64 20 0 3
64 21 6 0
64 22 0 2
64 23 1 0
64 24 0 4
64 25 6 0
64 26 0 1
64 27 4 0
64 28 0 0
64 29 2 0
64 30 0 4
64 31 6 0
64 32 0 3
64 33 7 0
64 34 0 0
64 35 7 0
64 36 0 4
64 37 5 0
64 38 0 0
64 39 2 0
64 40 0 6
64 41 3 0
64 42 0 1
64 43 6 0
64 44 0 2
64 45 0 0
64 46 0 5
64 47 6 0
64 48 0 3
64 49 3 0
64 50 0 0
64 51 2 0
64 52 0 0
64 53 4 0
64 54 0 6
64 55 3 0
64 56 0 5
64 57 0 0
64 58 0 3
64 59 2 0
64 60 0 3
64 61 1 0
64 62 0 1
64 63 2 0
64 64 0 3
64 65 3 0
64 66 0 6
64 67 2 0
64 68 0 7
64 69 1 0
65 0 0 4
65 1 4 0
65 2 0 2
65 3 6 0
65 4 0 7
65 5 1 0
65 6 0 2
65 7 4 0
65 8 0 2
65 9 2 0
65 10 0 5
65 11 1 0
65 12 0 3
65 13 0 0
65 14 0 1
65 15 5 0
65 16 0 2
65 17 5 0
65 18 0 3
65 19 5 0
65 20 0 5
65 21 1 0
65 22 0 1
65 23 3 0
65 24 0 7
65 25 6 0
65 26 0 0
65 27 3 0
65 28 0 5
65 29 4 0
65 30 0 7
65 31 7 0
65 32 0 0
65 33 6 0
65 34 0 1
65 35 4 0
65 36 0 6
65 37 2 0
65 38 0 7
65 39 4 0
65 40 0 0
65 41 5 0
65 42 0 4
65 43 2 0
65 44 0 5
65 45 5 0
65 46 0 7
65 47 1 0
65 48 0 6
65 49 6 0
65 50 0 4
65 51 5 0
65 52 0 0
65 53 6 0
65 54 0 4
65 55 7 0
65 56 0 5
65 57 1 0
65 58 0 1
65 59 6 0
65 60 0 3
65 61 5 0
65 62 0 2
65 63 1 0
65 64 0 4
65 65 6 0
65 66 0 5
65 67 6 0
65 68 0 4
65 69 3 0
66 0 0 0
66 1 6 0
66 2 0 6
66 3 0 0
66 4 0 7
66 5 6 0
66 6 0 0
66 7 2 0
66 8 0 1
66 9 0 0
66 10 0 2
66 11 6 0
66 12 0 2
66 13 0 0
66 14 0 3
66 15 3 0
66 16 0 3
66 17 0 0
66 18 0 4
66 19 3 0
66 20 0 6
66 21 4 0
66 22 0 2
66 23 5 0
66 24 0 2
66 25 6 0
66 26 0 0
66 27 6 0
66 28 0 5
66 29 3 0
66 30 0 3
66 31 4 0
66 32 0 5
66 33 4 0
66 34 0 5
66 35 1 0
66 36 0 6
66 37 6 0
66 38 0 3
66 39 6 0
66 40 0 7
66 41 3 0
66 42 0 7
66 43 6 0
66 44 0 5
66 45 7 0
66 46 0 6
66 47 6 0
66 48 0 6
66 49 3 0
66 50 0 2
66 51 4 0
66 52 0 7
66 53 5 0
66 54 0 1
66 55 5 0
66 56 0 7
66 57 6 0
66 58 0 5
66 59 5 0
66 60 0 1
66 61 3 0
66 62 0 2
66 63 3 0
66 64 0 6
66 65 5 0
66 66 0 4
66 67 2 0
66 68 0 1
66 69 1 0
67 0 0 6
67 1 2 0
67 2 0 1
67 3 0 0
67 4 0 3
67 5 4 0
67 6 0 3
67 7 0 0
67 8 0 1
67 9 1 0
67 10 0 5
67 11 2 0
67 12 0 1
67 13 4 0
67 14 0 4
67 15 2 0
67 16 0 1
67 17 4 0
67 18 0 7
67 19 2 0
67 20 0 2
67 21 3 0
67 22 0 2
67 23 6 0
67 24 0 2
67 25 2 0
67 26 0 4
67 27 1 0
67 28 0 3
67 29 2 0
67 30 0 1
67 31 7 0
67 32 0 2
67 33 4 0
67 34 0 0
67 35 2 0
67 36 0 0
67 37 2 0
67 38 0 6
67 39 5 0
67 40 0 5
67 41 4 0
67 42 0 1
67 43 4 0
67 44 0 0
67 45 4 0
67 46 0 6
67 47 2 0
67 48 0 0
67 49 2 0
67 50 0 4
67 51 0 0
67 52 0 7
67 53 1 0
67 54 0 7
67 55 5 0
67 56 0 2
67 57 0 0
67 58 0 5
67 59 1 0
67 60 0 2
67 61 2 0
67 62 0 4
67 63 1 0
67 64 0 5
67 65 6 0
67 66 0 3
67 67 6 0
67 68 0 6
67 69 7 0
68 0 0 5
68 1 6 0
68 2 0 1
68 3 5 0
68 4 0 1
68 5 1 0
68 6 0 0
68 7 3 0
68 8 0 4
68 9 5 0
68 10 0 0
68 11 7 0
68 12 0 5
68 13 2 0
68 14 0 4
68 15 6 0
68 16 0 0
68 17 7 0
68 18 0 2
68 19 5 0
68 20 0 4
68 21 4 0
68 22 0 1
68 23 0 0
68 24 0 4
68 25 5 0
68 26 0 1
68 27 7 0
68 28 0 2
68 29 6 0
68 30 0 3
68 31 4 0
68 32 0 0
68 33 1 0
68 34 0 5
68 35 6 0
68 36 0 5
68 37 1 0
68 38 0 7
68 39 1 0
68 40 0 6
68 41 3 0
68 42 0 0
68 43 4 0
68 44 0 2
68 45 0 0
68 46 0 2
68 47 2 0
68 48 0 5
68 49 4 0
68 50 0 2
68 51 1 0
68 52 0 6
68 53 2 0
68 54 0 1
68 55 6 0
68 56 0 1
68 57 5 0
68 58 0 6
68 59 7 0
68 60 0 5
68 61 0 0
68 62 0 1
68 63 7 0
68 64 0 7
68 65 0 0
68 66 0 1
68 67 6 0
68 68 0 6
68 69 5 0
69 0 0 7
69 1 7 0
69 2 0 5
69 3 5 0
69 4 0 1
69 5 0 0
69 6 0 4
69 7 0 0
69 8 0 0
69 9 5 0
69 10 0 6
69 11 4 0
69 12 0 2
69 13 5 0
69 14 0 4
69 15 3 0
69 16 0 1
69 17 3 0
69 18 0 1
69 19 1 0
69 20 0 2
69 21 7 0
69 22 0 5
69 23 7 0
69 24 0 7
69 25 2 0
69 26 0 3
69 27 2 0
69 28 0 5
69 29 6 0
69 30 0 2
69 31 4 0
69 32 0 7
69 33 4 0
69 34 0 7
69 35 1 0
69 36 0 1
69 37 3 0
69 38 0 1
69 39 4 0
69 40 0 6
69 41 0 0
69 42 0 4
69 43 0 0
69 44 0 3
69 45 0 0
69 46 0 7
69 47 7 0
69 48 0 1
69 49 0 0
69 50 0 6
69 51 7 0
69 52 0 7
69 53 5 0
69 54 0 1
69 55 0 0
69 56 0 5
69 57 5 0
69 58 0 3
69 59 7 0
69 60 0 2
69 61 4 0
69 62 0 3
69 63 6 0
69 64 0 7
69 65 0 0
69 66 0 6
69 67 1 0
69 68 0 2
69 69 6 0
