0 0 0 0
0 1 3 0
0 2 0 2
0 3 0 0
0 4 0 3
0 5 3 0
0 6 0 1
0 7 1 0
0 8 0 2
0 9 0 0
0 10 0 3
0 11 1 0
0 12 0 0
0 13 3 0
0 14 0 1
0 15 2 0
0 16 0 3
0 17 0 0
0 18 0 2
0 19 3 0
0 20 0 3
0 21 3 0
0 22 0 1
0 23 0 0
0 24 0 0
0 25 3 0
0 26 0 1
0 27 2 0
0 28 0 0
0 29 2 0
0 30 0 3
0 31 1 0
0 32 0 2
0 33 3 0
0 34 0 0
0 35 0 0
0 36 0 1
0 37 3 0
0 38 0 0
0 39 1 0
0 40 0 3
0 41 1 0
0 42 0 0
0 43 2 0
0 44 0 3
0 45 1 0
0 46 0 1
0 47 1 0
0 48 0 3
0 49 1 0
0 50 0 3
0 51 1 0
0 52 0 2
0 53 3 0
0 54 0 3
0 55 3 0
0 56 0 3
0 57 0 0
0 58 0 1
0 59 2 0
0 60 0 0
0 61 1 0
0 62 0 3
0 63 3 0
0 64 0 0
0 65 1 0
0 66 0 0
0 67 1 0
0 68 0 1
0 69 0 0
1 0 0 1
1 1 2 0
1 2 0 3
1 3 2 0
1 4 0 0
1 5 1 0
1 6 0 3
1 7 1 0
1 8 0 0
1 9 2 0
1 10 0 1
1 11 3 0
1 12 0 2
1 13 1 0
1 14 0 3
1 15 1 0
1 16 0 3
1 17 3 0
1 18 0 0
1 19 3 0
1 20 0 0
1 21 3 0
1 22 0 1
1 23 1 0
1 24 0 1
1 25 2 0
1 26 0 3
1 27 3 0
1 28 0 2
1 29 0 0
1 30 0 3
1 31 2 0
1 32 0 1
1 33 1 0
1 34 0 1
1 35 1 0
1 36 0 2
1 37 0 0
1 38 0 2
1 39 1 0
1 40 0 1
1 41 0 0
1 42 0 2
1 43 2 0
1 44 0 0
1 45 2 0
1 46 0 2
1 47 0 0
1 48 0 2
1 49 0 0
1 50 0 3
1 51 2 0
1 52 0 1
1 53 1 0
1 54 0 1
1 55 2 0
1 56 0 1
1 57 3 0
1 58 0 1
1 59 3 0
1 60 0 3
1 61 3 0
1 62 0 0
1 63 2 0
1 64 0 3
1 65 1 0
1 66 0 1
1 67 2 0
1 68 0 2
1 69 1 0
2 0 0 3
2 1 3 0
2 2 0 0
2 3 3 0
2 4 0 0
2 5 3 0
2 6 0 3
2 7 0 0
2 8 0 0
2 9 0 0
2 10 0 3
2 11 3 0
2 12 0 0
2 13 3 0
2 14 0 0
2 15 1 0
2 16 0 3
2 17 1 0
2 18 0 3
2 19 1 0
2 20 0 1
2 21 0 0
2 22 0 1
2 23 0 0
2 24 0 3
2 25 3 0
2 26 0 3
2 27 2 0
2 28 0 0
2 29 3 0
2 30 0 0
2 31 0 0
2 32 0 2
2 33 3 0
2 34 0 2
2 35 3 0
2 36 0 2
2 37 1 0
2 38 0 1
2 39 0 0
2 40 0 0
2 41 2 0
2 42 0 2
2 43 2 0
2 44 0 0
2 45 1 0
2 46 0 1
2 47 2 0
2 48 0 0
2 49 1 0
2 50 0 0
2 51 0 0
2 52 0 3
2 53 3 0
2 54 0 2
2 55 2 0
2 56 0 0
2 57 1 0
2 58 0 1
2 59 0 0
2 60 0 0
2 61 2 0
2 62 0 0
2 63 3 0
2 64 0 0
2 65 3 0
2 66 0 2
2 67 1 0
2 68 0 1
2 69 0 0
3 0 0 1
3 1 0 0
3 2 0 2
3 3 0 0
3 4 0 3
3 5 3 0
3 6 0 2
3 7 1 0
3 8 0 1
3 9 0 0
3 10 0 2
3 11 2 0
3 12 0 3
3 13 0 0
3 14 0 3
3 15 3 0
3 16 0 1
3 17 2 0
3 18 0 3
3 19 0 0
3 20 0 1
3 21 0 0
3 22 0 3
3 23 2 0
3 24 0 3
3 25 0 0
3 26 0 0
3 27 1 0
3 28 0 0
3 29 0 0
3 30 0 2
3 31 0 0
3 32 0 3
3 33 2 0
3 34 0 2
3 35 0 0
3 36 0 3
3 37 1 0
3 38 0 2
3 39 1 0
3 40 0 3
3 41 3 0
3 42 0 3
3 43 0 0
3 44 0 0
3 45 1 0
3 46 0 2
3 47 0 0
3 48 0 3
3 49 2 0
3 50 0 0
3 51 1 0
3 52 0 0
3 53 0 0
3 54 0 1
3 55 3 0
3 56 0 0
3 57 2 0
3 58 0 2
3 59 0 0
3 60 0 0
3 61 0 0
3 62 0 2
3 63 2 0
3 64 0 0
3 65 2 0
3 66 0 1
3 67 1 0
3 68 0 1
3 69 1 0
4 0 0 0
4 1 3 0
4 2 0 3
4 3 0 0
4 4 0 3
4 5 3 0
4 6 0 3
4 7 0 0
4 8 0 3
4 9 2 0
4 10 0 3
4 11 0 0
4 12 0 0
4 13 3 0
4 14 0 1
4 15 3 0
4 16 0 0
4 17 2 0
4 18 0 3
4 19 1 0
4 20 0 2
4 21 0 0
4 22 0 2
4 23 1 0
4 24 0 0
4 25 0 0
4 26 0 3
4 27 2 0
4 28 0 2
4 29 0 0
4 30 0 1
4 31 2 0
4 32 0 1
4 33 2 0
4 34 0 1
4 35 1 0
4 36 0 0
4 37 0 0
4 38 0 1
4 39 0 0
4 40 0 2
4 41 1 0
4 42 0 0
4 43 3 0
4 44 0 2
4 45 2 0
4 46 0 0
4 47 2 0
4 48 0 2
4 49 2 0
4 50 0 1
4 51 1 0
4 52 0 0
4 53 1 0
4 54 0 3
4 55 0 0
4 56 0 1
4 57 0 0
4 58 0 0
4 59 0 0
4 60 0 1
4 61 0 0
4 62 0 3
4 63 3 0
4 64 0 0
4 65 3 0
4 66 0 2
4 67 1 0
4 68 0 0
4 69 2 0
5 0 0 1
5 1 1 0
5 2 0 0
5 3 2 0
5 4 0 1
5 5 0 0
5 6 0 2
5 7 2 0
5 8 0 2
5 9 2 0
5 10 0 2
5 11 3 0
5 12 0 1
5 13 3 0
5 14 0 1
5 15 0 0
5 16 0 2
5 17 0 0
5 18 0 3
5 19 2 0
5 20 0 3
5 21 3 0
5 22 0 2
5 23 1 0
5 24 0 0
5 25 3 0
5 26 0 1
5 27 1 0
5 28 0 1
5 29 1 0
5 30 0 1
5 31 2 0
5 32 0 3
5 33 0 0
5 34 0 3
5 35 0 0
5 36 0 3
5 37 2 0
5 38 0 1
5 39 0 0
5 40 0 1
5 41 0 0
5 42 0 0
5 43 1 0
5 44 0 3
5 45 2 0
5 46 0 0
5 47 0 0
5 48 0 0
5 49 1 0
5 50 0 0
5 51 0 0
5 52 0 1
5 53 3 0
5 54 0 2
5 55 3 0
5 56 0 3
5 57 3 0
5 58 0 0
5 59 3 0
5 60 0 2
5 61 2 0
5 62 0 2
5 63 2 0
5 64 0 0
5 65 0 0
5 66 0 1
5 67 3 0
5 68 0 0
5 69 0 0
6 0 0 1
6 1 2 0
6 2 0 3
6 3 3 0
6 4 0 1
6 5 0 0
6 6 0 3
6 7 2 0
6 8 0 2
6 9 1 0
6 10 0 3
6 11 3 0
6 12 0 3
6 13 0 0
6 14 0 1
6 15 1 0
6 16 0 3
6 17 2 0
6 18 0 0
6 19 1 0
6 20 0 2
6 21 0 0
6 22 0 1
6 23 1 0
6 24 0 0
6 25 0 0
6 26 0 2
6 27 1 0
6 28 0 1
6 29 0 0
6 30 0 3
6 31 1 0
6 32 0 0
6 33 3 0
6 34 0 0
6 35 0 0
6 36 0 3
6 37 1 0
6 38 0 2
6 39 0 0
6 40 0 1
6 41 3 0
6 42 0 1
6 43 3 0
6 44 0 0
6 45 1 0
6 46 0 3
6 47 0 0
6 48 0 0
6 49 3 0
6 50 0 3
6 51 0 0
6 52 0 1
6 53 1 0
6 54 0 3
6 55 1 0
6 56 0 1
6 57 3 0
6 58 0 3
6 59 3 0
6 60 0 0
6 61 1 0
6 62 0 0
6 63 2 0
6 64 0 1
6 65 0 0
6 66 0 2
6 67 1 0
6 68 0 0
6 69 3 0
7 0 0 2
7 1 2 0
7 2 0 3
7 3 3 0
7 4 0 1
7 5 0 0
7 6 0 0
7 7 0 0
7 8 0 3
7 9 0 0
7 10 0 2
7 11 1 0
7 12 0 1
7 13 0 0
7 14 0 0
7 15 0 0
7 16 0 3
7 17 3 0
7 18 0 0
7 19 3 0
7 20 0 2
7 21 2 0
7 22 0 0
7 23 0 0
7 24 0 3
7 25 1 0
7 26 0 1
7 27 2 0
7 28 0 3
7 29 0 0
7 30 0 0
7 31 2 0
7 32 0 1
7 33 2 0
7 34 0 3
7 35 0 0
7 36 0 3
7 37 2 0
7 38 0 2
7 39 3 0
7 40 0 2
7 41 1 0
7 42 0 3
7 43 0 0
7 44 0 1
7 45 1 0
7 46 0 0
7 47 3 0
7 48 0 1
7 49 1 0
7 50 0 1
7 51 1 0
7 52 0 0
7 53 3 0
7 54 0 3
7 55 0 0
7 56 0 1
7 57 1 0
7 58 0 3
7 59 2 0
7 60 0 2
7 61 0 0
7 62 0 1
7 63 3 0
7 64 0 3
7 65 0 0
7 66 0 1
7 67 2 0
7 68 0 0
7 69 1 0
8 0 0 2
8 1 0 0
8 2 0 2
8 3 3 0
8 4 0 1
8 5 1 0
8 6 0 3
8 7 0 0
8 8 0 3
8 9 1 0
8 10 0 2
8 11 1 0
8 12 0 0
8 13 0 0
8 14 0 3
8 15 1 0
8 16 0 1
8 17 2 0
8 18 0 1
8 19 2 0
8 20 0 3
8 21 3 0
8 22 0 3
8 23 1 0
8 24 0 1
8 25 1 0
8 26 0 2
8 27 2 0
8 28 0 2
8 29 1 0
8 30 0 3
8 31 2 0
8 32 0 0
8 33 2 0
8 34 0 1
8 35 3 0
8 36 0 2
8 37 2 0
8 38 0 3
8 39 0 0
8 40 0 3
8 41 3 0
8 42 0 0
8 43 2 0
8 44 0 2
8 45 0 0
8 46 0 1
8 47 0 0
8 48 0 0
8 49 0 0
8 50 0 3
8 51 0 0
8 52 0 1
8 53 2 0
8 54 0 3
8 55 0 0
8 56 0 3
8 57 0 0
8 58 0 0
8 59 2 0
8 60 0 0
8 61 2 0
8 62 0 0
8 63 0 0
8 64 0 1
8 65 1 0
8 66 0 3
8 67 0 0
8 68 0 2
8 69 1 0
9 0 0 2
9 1 1 0
9 2 0 3
9 3 3 0
9 4 0 1
9 5 1 0
9 6 0 2
9 7 1 0
9 8 0 2
9 9 1 0
9 10 0 2
9 11 0 0
9 12 0 0
9 13 0 0
9 14 0 1
9 15 1 0
9 16 0 0
9 17 0 0
9 18 0 3
9 19 0 0
9 20 0 0
9 21 3 0
9 22 0 2
9 23 0 0
9 24 0 3
9 25 3 0
9 26 0 3
9 27 2 0
9 28 0 2
9 29 2 0
9 30 0 3
9 31 2 0
9 32 0 3
9 33 0 0
9 34 0 0
9 35 3 0
9 36 0 0
9 37 0 0
9 38 0 0
9 39 3 0
9 40 0 0
9 41 2 0
9 42 0 2
9 43 2 0
9 44 0 2
9 45 1 0
9 46 0 0
9 47 2 0
9 48 0 0
9 49 1 0
9 50 0 2
9 51 1 0
9 52 0 2
9 53 1 0
9 54 0 1
9 55 3 0
9 56 0 1
9 57 3 0
9 58 0 0
9 59 0 0
9 60 0 0
9 61 2 0
9 62 0 3
9 63 3 0
9 64 0 2
9 65 3 0
9 66 0 0
9 67 2 0
9 68 0 2
9 69 1 0
10 0 0 0
10 1 3 0
10 2 0 1
10 3 1 0
10 4 0 0
10 5 0 0
10 6 0 3
10 7 3 0
10 8 0 1
10 9 0 0
10 10 0 3
10 11 3 0
10 12 0 2
10 13 0 0
10 14 0 3
10 15 0 0
10 16 0 2
10 17 0 0
10 18 0 0
10 19 1 0
10 20 0 0
10 21 3 0
10 22 0 0
10 23 3 0
10 24 0 1
10 25 2 0
10 26 0 3
10 27 0 0
10 28 0 1
10 29 1 0
10 30 0 1
10 31 3 0
10 32 0 3
10 33 0 0
10 34 0 0
10 35 2 0
10 36 0 0
10 37 0 0
10 38 0 3
10 39 2 0
10 40 0 0
10 41 0 0
10 42 0 3
10 43 3 0
10 44 0 1
10 45 0 0
10 46 0 1
10 47 1 0
10 48 0 2
10 49 1 0
10 50 0 2
10 51 0 0
10 52 0 1
10 53 3 0
10 54 0 3
10 55 1 0
10 56 0 2
10 57 2 0
10 58 0 3
10 59 2 0
10 60 0 2
10 61 2 0
10 62 0 3
10 63 2 0
10 64 0 0
10 65 3 0
10 66 0 1
10 67 3 0
10 68 0 3
10 69 1 0
11 0 0 0
11 1 3 0
11 2 0 2
11 3 0 0
11 4 0 2
11 5 3 0
11 6 0 2
11 7 1 0
11 8 0 2
11 9 3 0
11 10 0 0
11 11 0 0
11 12 0 3
11 13 0 0
11 14 0 1
11 15 1 0
11 16 0 3
11 17 0 0
11 18 0 0
11 19 3 0
11 20 0 0
11 21 2 0
11 22 0 0
11 23 0 0
11 24 0 3
11 25 3 0
11 26 0 3
11 27 2 0
11 28 0 0
11 29 2 0
11 30 0 0
11 31 3 0
11 32 0 0
11 33 1 0
11 34 0 1
11 35 2 0
11 36 0 3
11 37 1 0
11 38 0 2
11 39 0 0
11 40 0 2
11 41 2 0
11 42 0 0
11 43 0 0
11 44 0 1
11 45 1 0
11 46 0 3
11 47 3 0
11 48 0 2
11 49 1 0
11 50 0 1
11 51 2 0
11 52 0 1
11 53 2 0
11 54 0 1
11 55 3 0
11 56 0 2
11 57 1 0
11 58 0 0
11 59 3 0
11 60 0 2
11 61 2 0
11 62 0 3
11 63 2 0
11 64 0 2
11 65 0 0
11 66 0 3
11 67 1 0
11 68 0 2
11 69 1 0
12 0 0 0
12 1 0 0
12 2 0 3
12 3 3 0
12 4 0 3
12 5 2 0
12 6 0 2
12 7 0 0
12 8 0 0
12 9 0 0
12 10 0 3
12 11 2 0
12 12 0 0
12 13 1 0
12 14 0 3
12 15 0 0
12 16 0 3
12 17 3 0
12 18 0 2
12 19 0 0
12 20 0 0
12 21 1 0
12 22 0 2
12 23 3 0
12 24 0 1
12 25 3 0
12 26 0 2
12 27 0 0
12 28 0 0
12 29 2 0
12 30 0 3
12 31 1 0
12 32 0 0
12 33 1 0
12 34 0 3
12 35 0 0
12 36 0 0
12 37 0 0
12 38 0 1
12 39 0 0
12 40 0 2
12 41 1 0
12 42 0 2
12 43 1 0
12 44 0 2
12 45 2 0
12 46 0 0
12 47 0 0
12 48 0 1
12 49 1 0
12 50 0 1
12 51 0 0
12 52 0 2
12 53 0 0
12 54 0 0
12 55 2 0
12 56 0 0
12 57 1 0
12 58 0 0
12 59 2 0
12 60 0 2
12 61 3 0
12 62 0 3
12 63 3 0
12 64 0 2
12 65 3 0
12 66 0 1
12 67 3 0
12 68 0 3
12 69 0 0
13 0 0 2
13 1 1 0
13 2 0 3
13 3 3 0
13 4 0 0
13 5 2 0
13 6 0 1
13 7 0 0
13 8 0 2
13 9 0 0
13 10 0 0
13 11 0 0
13 12 0 2
13 13 2 0
13 14 0 2
13 15 1 0
13 16 0 0
13 17 1 0
13 18 0 2
13 19 0 0
13 20 0 1
13 21 1 0
13 22 0 3
13 23 2 0
13 24 0 1
13 25 2 0
13 26 0 2
13 27 2 0
13 28 0 1
13 29 0 0
13 30 0 0
13 31 1 0
13 32 0 2
13 33 3 0
13 34 0 2
13 35 3 0
13 36 0 0
13 37 3 0
13 38 0 3
13 39 0 0
13 40 0 3
13 41 2 0
13 42 0 2
13 43 0 0
13 44 0 2
13 45 1 0
13 46 0 0
13 47 3 0
13 48 0 3
13 49 2 0
13 50 0 2
13 51 1 0
13 52 0 0
13 53 1 0
13 54 0 2
13 55 2 0
13 56 0 1
13 57 2 0
13 58 0 1
13 59 3 0
13 60 0 0
13 61 1 0
13 62 0 0
13 63 0 0
13 64 0 0
13 65 3 0
13 66 0 3
13 67 0 0
13 68 0 2
13 69 2 0
14 0 0 3
14 1 1 0
14 2 0 3
14 3 1 0
14 4 0 1
14 5 1 0
14 6 0 3
14 7 1 0
14 8 0 1
14 9 2 0
14 10 0 0
14 11 1 0
14 12 0 1
14 13 2 0
14 14 0 1
14 15 2 0
14 16 0 3
14 17 0 0
14 18 0 0
14 19 0 0
14 20 0 2
14 21 1 0
14 22 0 0
14 23 0 0
14 24 0 1
14 25 0 0
14 26 0 0
14 27 0 0
14 28 0 3
14 29 3 0
14 30 0 2
14 31 2 0
14 32 0 1
14 33 3 0
14 34 0 0
14 35 1 0
14 36 0 0
14 37 0 0
14 38 0 3
14 39 2 0
14 40 0 0
14 41 2 0
14 42 0 3
14 43 0 0
14 44 0 1
14 45 1 0
14 46 0 1
14 47 1 0
14 48 0 2
14 49 2 0
14 50 0 1
14 51 3 0
14 52 0 1
14 53 0 0
14 54 0 3
14 55 0 0
14 56 0 1
14 57 0 0
14 58 0 2
14 59 2 0
14 60 0 1
14 61 2 0
14 62 0 1
14 63 3 0
14 64 0 2
14 65 2 0
14 66 0 0
14 67 2 0
14 68 0 0
14 69 0 0
15 0 0 1
15 1 1 0
15 2 0 1
15 3 3 0
15 4 0 0
15 5 1 0
15 6 0 0
15 7 1 0
15 8 0 2
15 9 1 0
15 10 0 0
15 11 2 0
15 12 0 0
15 13 3 0
15 14 0 3
15 15 1 0
15 16 0 1
15 17 1 0
15 18 0 0
15 19 3 0
15 20 0 3
15 21 1 0
15 22 0 1
15 23 3 0
15 24 0 2
15 25 2 0
15 26 0 1
15 27 2 0
15 28 0 2
15 29 1 0
15 30 0 3
15 31 1 0
15 32 0 2
15 33 1 0
15 34 0 1
15 35 2 0
15 36 0 0
15 37 3 0
15 38 0 2
15 39 3 0
15 40 0 2
15 41 2 0
15 42 0 0
15 43 3 0
15 44 0 1
15 45 0 0
15 46 0 3
15 47 3 0
15 48 0 0
15 49 3 0
15 50 0 0
15 51 2 0
15 52 0 1
15 53 2 0
15 54 0 3
15 55 1 0
15 56 0 1
15 57 2 0
15 58 0 2
15 59 0 0
15 60 0 3
15 61 1 0
15 62 0 3
15 63 3 0
15 64 0 0
15 65 2 0
15 66 0 2
15 67 2 0
15 68 0 2
15 69 2 0
16 0 0 1
16 1 2 0
16 2 0 1
16 3 0 0
16 4 0 2
16 5 1 0
16 6 0 0
16 7 3 0
16 8 0 1
16 9 2 0
16 10 0 2
16 11 3 0
16 12 0 3
16 13 3 0
16 14 0 2
16 15 0 0
16 16 0 0
16 17 0 0
16 18 0 2
16 19 3 0
16 20 0 1
16 21 3 0
16 22 0 1
16 23 2 0
16 24 0 3
16 25 3 0
16 26 0 1
16 27 0 0
16 28 0 2
16 29 0 0
16 30 0 2
16 31 3 0
16 32 0 3
16 33 2 0
16 34 0 1
16 35 0 0
16 36 0 3
16 37 1 0
16 38 0 2
16 39 3 0
16 40 0 1
16 41 2 0
16 42 0 2
16 43 0 0
16 44 0 0
16 45 1 0
16 46 0 2
16 47 3 0
16 48 0 2
16 49 1 0
16 50 0 2
16 51 1 0
16 52 0 3
16 53 3 0
16 54 0 2
16 55 0 0
16 56 0 0
16 57 0 0
16 58 0 0
16 59 0 0
16 60 0 0
16 61 2 0
16 62 0 1
16 63 0 0
16 64 0 3
16 65 3 0
16 66 0 0
16 67 1 0
16 68 0 1
16 69 2 0
17 0 0 2
17 1 0 0
17 2 0 3
17 3 0 0
17 4 0 0
17 5 2 0
17 6 0 3
17 7 0 0
17 8 0 3
17 9 3 0
17 10 0 3
17 11 3 0
17 12 0 3
17 13 0 0
17 14 0 3
17 15 1 0
17 16 0 1
17 17 0 0
17 18 0 0
17 19 2 0
17 20 0 2
17 21 0 0
17 22 0 1
17 23 2 0
17 24 0 1
17 25 3 0
17 26 0 1
17 27 1 0
17 28 0 1
17 29 3 0
17 30 0 2
17 31 0 0
17 32 0 0
17 33 2 0
17 34 0 0
17 35 2 0
17 36 0 1
17 37 2 0
17 38 0 1
17 39 0 0
17 40 0 3
17 41 1 0
17 42 0 3
17 43 2 0
17 44 0 3
17 45 1 0
17 46 0 1
17 47 0 0
17 48 0 3
17 49 1 0
17 50 0 1
17 51 1 0
17 52 0 1
17 53 2 0
17 54 0 3
17 55 3 0
17 56 0 0
17 57 0 0
17 58 0 1
17 59 1 0
17 60 0 0
17 61 3 0
17 62 0 2
17 63 3 0
17 64 0 1
17 65 1 0
17 66 0 3
17 67 2 0
17 68 0 0
17 69 2 0
18 0 0 1
18 1 2 0
18 2 0 1
18 3 0 0
18 4 0 0
18 5 2 0
18 6 0 2
18 7 3 0
18 8 0 1
18 9 3 0
18 10 0 2
18 11 3 0
18 12 0 2
18 13 2 0
18 14 0 3
18 15 2 0
18 16 0 0
18 17 1 0
18 18 0 1
18 19 1 0
18 20 0 0
18 21 2 0
18 22 0 1
18 23 3 0
18 24 0 3
18 25 0 0
18 26 0 3
18 27 2 0
18 28 0 0
18 29 0 0
18 30 0 1
18 31 0 0
18 32 0 3
18 33 1 0
18 34 0 1
18 35 0 0
18 36 0 0
18 37 0 0
18 38 0 2
18 39 2 0
18 40 0 0
18 41 1 0
18 42 0 0
18 43 3 0
18 44 0 0
18 45 0 0
18 46 0 3
18 47 2 0
18 48 0 3
18 49 1 0
18 50 0 1
18 51 0 0
18 52 0 1
18 53 0 0
18 54 0 1
18 55 1 0
18 56 0 3
18 57 2 0
18 58 0 0
18 59 0 0
18 60 0 0
18 61 2 0
18 62 0 0
18 63 0 0
18 64 0 3
18 65 1 0
18 66 0 0
18 67 1 0
18 68 0 2
18 69 3 0
19 0 0 1
19 1 3 0
19 2 0 1
19 3 3 0
19 4 0 0
19 5 3 0
19 6 0 1
19 7 3 0
19 8 0 2
19 9 0 0
19 10 0 1
19 11 2 0
19 12 0 3
19 13 0 0
19 14 0 0
19 15 0 0
19 16 0 3
19 17 0 0
19 18 0 1
19 19 1 0
19 20 0 0
19 21 0 0
19 22 0 2
19 23 2 0
19 24 0 1
19 25 0 0
19 26 0 1
19 27 2 0
19 28 0 1
19 29 0 0
19 30 0 2
19 31 3 0
19 32 0 2
19 33 1 0
19 34 0 0
19 35 3 0
19 36 0 3
19 37 1 0
19 38 0 3
19 39 3 0
19 40 0 2
19 41 3 0
19 42 0 0
19 43 0 0
19 44 0 2
19 45 1 0
19 46 0 1
19 47 0 0
19 48 0 3
19 49 1 0
19 50 0 1
19 51 1 0
19 52 0 1
19 53 0 0
19 54 0 2
19 55 3 0
19 56 0 1
19 57 2 0
19 58 0 2
19 59 1 0
19 60 0 0
19 61 0 0
19 62 0 1
19 63 0 0
19 64 0 2
19 65 0 0
19 66 0 1
19 67 0 0
19 68 0 3
19 69 0 0
20 0 0 1
20 1 1 0
20 2 0 1
20 3 0 0
20 4 0 2
20 5 3 0
20 6 0 1
20 7 0 0
20 8 0 1
20 9 2 0
20 10 0 2
20 11 2 0
20 12 0 3
20 13 3 0
20 14 0 1
20 15 2 0
20 16 0 0
20 17 1 0
20 18 0 3
20 19 1 0
20 20 0 1
20 21 1 0
20 22 0 1
20 23 1 0
20 24 0 2
20 25 3 0
20 26 0 3
20 27 0 0
20 28 0 1
20 29 2 0
20 30 0 2
20 31 1 0
20 32 0 0
20 33 0 0
20 34 0 2
20 35 1 0
20 36 0 3
20 37 3 0
20 38 0 1
20 39 3 0
20 40 0 3
20 41 1 0
20 42 0 2
20 43 1 0
20 44 0 0
20 45 2 0
20 46 0 3
20 47 1 0
20 48 0 0
20 49 1 0
20 50 0 3
20 51 1 0
20 52 0 2
20 53 2 0
20 54 0 1
20 55 3 0
20 56 0 1
20 57 2 0
20 58 0 3
20 59 2 0
20 60 0 2
20 61 2 0
20 62 0 3
20 63 3 0
20 64 0 2
20 65 0 0
20 66 0 2
20 67 0 0
20 68 0 1
20 69 1 0
21 0 0 0
21 1 0 0
21 2 0 3
21 3 2 0
21 4 0 1
21 5 1 0
21 6 0 3
21 7 2 0
21 8 0 3
21 9 1 0
21 10 0 3
21 11 1 0
21 12 0 2
21 13 2 0
21 14 0 2
21 15 1 0
21 16 0 2
21 17 3 0
21 18 0 2
21 19 3 0
21 20 0 1
21 21 0 0
21 22 0 2
21 23 2 0
21 24 0 3
21 25 1 0
21 26 0 1
21 27 1 0
21 28 0 0
21 29 0 0
21 30 0 2
21 31 0 0
21 32 0 1
21 33 3 0
21 34 0 2
21 35 3 0
21 36 0 2
21 37 3 0
21 38 0 0
21 39 3 0
21 40 0 2
21 41 3 0
21 42 0 0
21 43 3 0
21 44 0 3
21 45 1 0
21 46 0 0
21 47 0 0
21 48 0 2
21 49 0 0
21 50 0 2
21 51 2 0
21 52 0 1
21 53 0 0
21 54 0 1
21 55 0 0
21 56 0 0
21 57 2 0
21 58 0 0
21 59 0 0
21 60 0 3
21 61 1 0
21 62 0 1
21 63 0 0
21 64 0 0
21 65 2 0
21 66 0 2
21 67 2 0
21 68 0 2
21 69 1 0
22 0 0 0
22 1 2 0
22 2 0 2
22 3 2 0
22 4 0 3
22 5 3 0
22 6 0 2
22 7 1 0
22 8 0 0
22 9 1 0
22 10 0 1
22 11 2 0
22 12 0 0
22 13 1 0
22 14 0 0
22 15 2 0
22 16 0 1
22 17 0 0
22 18 0 0
22 19 3 0
22 20 0 0
22 21 0 0
22 22 0 2
22 23 0 0
22 24 0 2
22 25 2 0
22 26 0 1
22 27 3 0
22 28 0 1
22 29 3 0
22 30 0 0
22 31 1 0
22 32 0 2
22 33 2 0
22 34 0 1
22 35 2 0
22 36 0 1
22 37 3 0
22 38 0 3
22 39 2 0
22 40 0 2
22 41 3 0
22 42 0 1
22 43 1 0
22 44 0 0
22 45 2 0
22 46 0 1
22 47 0 0
22 48 0 0
22 49 0 0
22 50 0 2
22 51 2 0
22 52 0 3
22 53 1 0
22 54 0 2
22 55 0 0
22 56 0 1
22 57 1 0
22 58 0 1
22 59 1 0
22 60 0 3
22 61 0 0
22 62 0 0
22 63 2 0
22 64 0 2
22 65 3 0
22 66 0 2
22 67 3 0
22 68 0 1
22 69 1 0
23 0 0 2
23 1 1 0
23 2 0 3
23 3 3 0
23 4 0 0
23 5 2 0
23 6 0 2
23 7 0 0
23 8 0 0
23 9 0 0
23 10 0 1
23 11 2 0
23 12 0 2
23 13 2 0
23 14 0 3
23 15 3 0
23 16 0 1
23 17 1 0
23 18 0 3
23 19 1 0
23 20 0 3
23 21 0 0
23 22 0 2
23 23 3 0
23 24 0 2
23 25 1 0
23 26 0 0
23 27 1 0
23 28 0 2
23 29 2 0
23 30 0 3
23 31 0 0
23 32 0 0
23 33 1 0
23 34 0 1
23 35 3 0
23 36 0 1
23 37 0 0
23 38 0 3
23 39 0 0
23 40 0 1
23 41 1 0
23 42 0 1
23 43 1 0
23 44 0 1
23 45 3 0
23 46 0 3
23 47 3 0
23 48 0 1
23 49 3 0
23 50 0 3
23 51 2 0
23 52 0 3
23 53 0 0
23 54 0 0
23 55 3 0
23 56 0 2
23 57 0 0
23 58 0 0
23 59 1 0
23 60 0 0
23 61 1 0
23 62 0 3
23 63 0 0
23 64 0 0
23 65 1 0
23 66 0 2
23 67 1 0
23 68 0 0
23 69 3 0
24 0 0 1
24 1 0 0
24 2 0 1
24 3 3 0
24 4 0 2
24 5 1 0
24 6 0 2
24 7 1 0
24 8 0 0
24 9 0 0
24 10 0 1
24 11 3 0
24 12 0 1
24 13 1 0
24 14 0 1
24 15 2 0
24 16 0 0
24 17 0 0
24 18 0 1
24 19 1 0
24 20 0 3
24 21 2 0
24 22 0 0
24 23 2 0
24 24 0 1
24 25 2 0
24 26 0 3
24 27 0 0
24 28 0 2
24 29 0 0
24 30 0 2
24 31 3 0
24 32 0 2
24 33 2 0
24 34 0 3
24 35 3 0
24 36 0 2
24 37 2 0
24 38 0 1
24 39 1 0
24 40 0 0
24 41 2 0
24 42 0 2
24 43 0 0
24 44 0 1
24 45 0 0
24 46 0 2
24 47 1 0
24 48 0 2
24 49 2 0
24 50 0 2
24 51 0 0
24 52 0 0
24 53 0 0
24 54 0 2
24 55 1 0
24 56 0 2
24 57 0 0
24 58 0 3
24 59 3 0
24 60 0 3
24 61 1 0
24 62 0 2
24 63 1 0
24 64 0 2
24 65 1 0
24 66 0 3
24 67 0 0
24 68 0 0
24 69 1 0
25 0 0 2
25 1 2 0
25 2 0 1
25 3 1 0
25 4 0 2
25 5 2 0
25 6 0 0
25 7 2 0
25 8 0 1
25 9 1 0
25 10 0 2
25 11 2 0
25 12 0 1
25 13 3 0
25 14 0 3
25 15 3 0
25 16 0 2
25 17 0 0
25 18 0 1
25 19 0 0
25 20 0 2
25 21 0 0
25 22 0 3
25 23 3 0
25 24 0 0
25 25 0 0
25 26 0 3
25 27 1 0
25 28 0 1
25 29 2 0
25 30 0 1
25 31 1 0
25 32 0 2
25 33 0 0
25 34 0 1
25 35 2 0
25 36 0 0
25 37 1 0
25 38 0 1
25 39 0 0
25 40 0 2
25 41 3 0
25 42 0 1
25 43 3 0
25 44 0 2
25 45 0 0
25 46 0 1
25 47 0 0
25 48 0 1
25 49 1 0
25 50 0 2
25 51 2 0
25 52 0 3
25 53 2 0
25 54 0 1
25 55 1 0
25 56 0 0
25 57 0 0
25 58 0 3
25 59 3 0
25 60 0 2
25 61 1 0
25 62 0 3
25 63 2 0
25 64 0 0
25 65 0 0
25 66 0 0
25 67 0 0
25 68 0 0
25 69 2 0
26 0 0 0
26 1 3 0
26 2 0 2
26 3 2 0
26 4 0 2
26 5 1 0
26 6 0 2
26 7 1 0
26 8 0 0
26 9 1 0
26 10 0 2
26 11 3 0
26 12 0 2
26 13 0 0
26 14 0 2
26 15 1 0
26 16 0 1
26 17 2 0
26 18 0 3
26 19 1 0
26 20 0 1
26 21 2 0
26 22 0 0
26 23 1 0
26 24 0 0
26 25 1 0
26 26 0 0
26 27 0 0
26 28 0 0
26 29 3 0
26 30 0 2
26 31 0 0
26 32 0 1
26 33 0 0
26 34 0 3
26 35 2 0
26 36 0 1
26 37 1 0
26 38 0 0
26 39 1 0
26 40 0 2
26 41 1 0
26 42 0 1
26 43 3 0
26 44 0 0
26 45 0 0
26 46 0 0
26 47 1 0
26 48 0 0
26 49 3 0
26 50 0 3
26 51 0 0
26 52 0 1
26 53 2 0
26 54 0 1
26 55 3 0
26 56 0 3
26 57 1 0
26 58 0 2
26 59 2 0
26 60 0 3
26 61 3 0
26 62 0 3
26 63 3 0
26 64 0 1
26 65 2 0
26 66 0 3
26 67 3 0
26 68 0 2
26 69 1 0
27 0 0 0
27 1 1 0
27 2 0 2
27 3 1 0
27 4 0 3
27 5 3 0
27 6 0 0
27 7 1 0
27 8 0 3
27 9 3 0
27 10 0 1
27 11 2 0
27 12 0 2
27 13 0 0
27 14 0 0
27 15 3 0
27 16 0 1
27 17 2 0
27 18 0 0
27 19 2 0
27 20 0 3
27 21 1 0
27 22 0 0
27 23 1 0
27 24 0 2
27 25 3 0
27 26 0 3
27 27 1 0
27 28 0 1
27 29 1 0
27 30 0 2
27 31 3 0
27 32 0 3
27 33 3 0
27 34 0 1
27 35 2 0
27 36 0 3
27 37 1 0
27 38 0 2
27 39 3 0
27 40 0 1
27 41 2 0
27 42 0 0
27 43 2 0
27 44 0 0
27 45 1 0
27 46 0 1
27 47 2 0
27 48 0 2
27 49 2 0
27 50 0 0
27 51 0 0
27 52 0 2
27 53 2 0
27 54 0 0
27 55 0 0
27 56 0 3
27 57 1 0
27 58 0 3
27 59 2 0
27 60 0 2
27 61 1 0
27 62 0 0
27 63 2 0
27 64 0 3
27 65 2 0
27 66 0 2
27 67 1 0
27 68 0 1
27 69 0 0
28 0 0 2
28 1 3 0
28 2 0 2
28 3 2 0
28 4 0 1
28 5 3 0
28 6 0 3
28 7 3 0
28 8 0 0
28 9 2 0
28 10 0 2
28 11 0 0
28 12 0 2
28 13 3 0
28 14 0 3
28 15 3 0
28 16 0 1
28 17 0 0
28 18 0 2
28 19 3 0
28 20 0 1
28 21 0 0
28 22 0 0
28 23 2 0
28 24 0 0
28 25 3 0
28 26 0 2
28 27 2 0
28 28 0 1
28 29 1 0
28 30 0 1
28 31 0 0
28 32 0 1
28 33 3 0
28 34 0 0
28 35 0 0
28 36 0 0
28 37 1 0
28 38 0 1
28 39 3 0
28 40 0 1
28 41 3 0
28 42 0 0
28 43 3 0
28 44 0 2
28 45 0 0
28 46 0 2
28 47 2 0
28 48 0 1
28 49 1 0
28 50 0 0
28 51 0 0
28 52 0 2
28 53 3 0
28 54 0 1
28 55 0 0
28 56 0 3
28 57 1 0
28 58 0 0
28 59 3 0
28 60 0 2
28 61 3 0
28 62 0 3
28 63 2 0
28 64 0 2
28 65 1 0
28 66 0 1
28 67 3 0
28 68 0 2
28 69 1 0
29 0 0 1
29 1 0 0
29 2 0 1
29 3 1 0
29 4 0 1
29 5 3 0
29 6 0 0
29 7 2 0
29 8 0 0
29 9 3 0
29 10 0 3
29 11 0 0
29 12 0 0
29 13 1 0
29 14 0 1
29 15 3 0
29 16 0 0
29 17 0 0
29 18 0 3
29 19 0 0
29 20 0 3
29 21 2 0
29 22 0 1
29 23 1 0
29 24 0 0
29 25 1 0
29 26 0 1
29 27 1 0
29 28 0 0
29 29 3 0
29 30 0 2
29 31 2 0
29 32 0 3
29 33 2 0
29 34 0 3
29 35 1 0
29 36 0 3
29 37 0 0
29 38 0 1
29 39 1 0
29 40 0 0
29 41 0 0
29 42 0 0
29 43 0 0
29 44 0 2
29 45 3 0
29 46 0 2
29 47 1 0
29 48 0 2
29 49 1 0
29 50 0 2
29 51 0 0
29 52 0 1
29 53 2 0
29 54 0 3
29 55 1 0
29 56 0 3
29 57 1 0
29 58 0 3
29 59 1 0
29 60 0 1
29 61 0 0
29 62 0 1
29 63 0 0
29 64 0 0
29 65 1 0
29 66 0 3
29 67 1 0
29 68 0 0
29 69 3 0
30 0 0 0
30 1 2 0
30 2 0 2
30 3 3 0
30 4 0 2
30 5 1 0
30 6 0 2
30 7 3 0
30 8 0 2
30 9 3 0
30 10 0 2
30 11 3 0
30 12 0 3
30 13 1 0
30 14 0 1
30 15 3 0
30 16 0 3
30 17 2 0
30 18 0 0
30 19 2 0
30 20 0 3
30 21 3 0
30 22 0 1
30 23 2 0
30 24 0 1
30 25 3 0
30 26 0 3
30 27 2 0
30 28 0 1
30 29 3 0
30 30 0 3
30 31 2 0
30 32 0 1
30 33 3 0
30 34 0 2
30 35 3 0
30 36 0 3
30 37 3 0
30 38 0 1
30 39 0 0
30 40 0 3
30 41 0 0
30 42 0 3
30 43 2 0
30 44 0 3
30 45 0 0
30 46 0 3
30 47 1 0
30 48 0 1
30 49 1 0
30 50 0 0
30 51 1 0
30 52 0 1
30 53 2 0
30 54 0 2
30 55 2 0
30 56 0 0
30 57 0 0
30 58 0 0
30 59 3 0
30 60 0 1
30 61 3 0
30 62 0 0
30 63 3 0
30 64 0 0
30 65 2 0
30 66 0 1
30 67 0 0
30 68 0 2
30 69 3 0
31 0 0 2
31 1 3 0
31 2 0 3
31 3 1 0
31 4 0 0
31 5 2 0
31 6 0 1
31 7 0 0
31 8 0 3
31 9 1 0
31 10 0 2
31 11 0 0
31 12 0 1
31 13 0 0
31 14 0 1
31 15 2 0
31 16 0 2
31 17 3 0
31 18 0 1
31 19 2 0
31 20 0 3
31 21 3 0
31 22 0 0
31 23 3 0
31 24 0 0
31 25 2 0
31 26 0 2
31 27 3 0
31 28 0 2
31 29 2 0
31 30 0 0
31 31 0 0
31 32 0 1
31 33 2 0
31 34 0 1
31 35 3 0
31 36 0 2
31 37 0 0
31 38 0 1
31 39 1 0
31 40 0 2
31 41 2 0
31 42 0 0
31 43 1 0
31 44 0 1
31 45 1 0
31 46 0 3
31 47 0 0
31 48 0 1
31 49 1 0
31 50 0 0
31 51 1 0
31 52 0 1
31 53 3 0
31 54 0 1
31 55 1 0
31 56 0 2
31 57 1 0
31 58 0 2
31 59 0 0
31 60 0 1
31 61 2 0
31 62 0 3
31 63 2 0
31 64 0 2
31 65 3 0
31 66 0 2
31 67 3 0
31 68 0 3
31 69 3 0
32 0 0 3
32 1 0 0
32 2 0 3
32 3 0 0
32 4 0 1
32 5 3 0
32 6 0 0
32 7 0 0
32 8 0 0
32 9 3 0
32 10 0 1
32 11 1 0
32 12 0 2
32 13 1 0
32 14 0 0
32 15 1 0
32 16 0 1
32 17 0 0
32 18 0 2
32 19 2 0
32 20 0 0
32 21 3 0
32 22 0 2
32 23 3 0
32 24 0 1
32 25 1 0
32 26 0 2
32 27 1 0
32 28 0 0
32 29 0 0
32 30 0 2
32 31 3 0
32 32 0 3
32 33 3 0
32 34 0 2
32 35 3 0
32 36 0 1
32 37 3 0
32 38 0 0
32 39 3 0
32 40 0 3
32 41 3 0
32 42 0 0
32 43 1 0
32 44 0 1
32 45 3 0
32 46 0 2
32 47 3 0
32 48 0 2
32 49 1 0
32 50 0 0
32 51 0 0
32 52 0 0
32 53 3 0
32 54 0 2
32 55 1 0
32 56 0 1
32 57 2 0
32 58 0 0
32 59 1 0
32 60 0 1
32 61 2 0
32 62 0 3
32 63 1 0
32 64 0 2
32 65 0 0
32 66 0 0
32 67 0 0
32 68 0 2
32 69 3 0
33 0 0 3
33 1 0 0
33 2 0 0
33 3 0 0
33 4 0 1
33 5 3 0
33 6 0 3
33 7 2 0
33 8 0 3
33 9 0 0
33 10 0 2
33 11 2 0
33 12 0 1
33 13 3 0
33 14 0 3
33 15 0 0
33 16 0 0
33 17 0 0
33 18 0 0
33 19 0 0
33 20 0 0
33 21 1 0
33 22 0 0
33 23 2 0
33 24 0 2
33 25 0 0
33 26 0 3
33 27 2 0
33 28 0 3
33 29 2 0
33 30 0 2
33 31 1 0
33 32 0 0
33 33 2 0
33 34 0 0
33 35 2 0
33 36 0 0
33 37 2 0
33 38 0 0
33 39 2 0
33 40 0 1
33 41 1 0
33 42 0 0
33 43 1 0
33 44 0 0
33 45 0 0
33 46 0 3
33 47 2 0
33 48 0 0
33 49 1 0
33 50 0 0
33 51 3 0
33 52 0 2
33 53 3 0
33 54 0 2
33 55 3 0
33 56 0 0
33 57 0 0
33 58 0 2
33 59 2 0
33 60 0 1
33 61 1 0
33 62 0 0
33 63 0 0
33 64 0 3
33 65 1 0
33 66 0 2
33 67 2 0
33 68 0 2
33 69 3 0
34 0 0 2
34 1 0 0
34 2 0 2
34 3 0 0
34 4 0 0
34 5 1 0
34 6 0 1
34 7 2 0
34 8 0 3
34 9 2 0
34 10 0 2
34 11 3 0
34 12 0 3
34 13 3 0
34 14 0 3
34 15 2 0
34 16 0 1
34 17 1 0
34 18 0 0
34 19 1 0
34 20 0 3
34 21 2 0
34 22 0 2
34 23 1 0
34 24 0 0
34 25 1 0
34 26 0 1
34 27 2 0
34 28 0 2
34 29 3 0
34 30 0 2
34 31 1 0
34 32 0 3
34 33 2 0
34 34 0 1
34 35 3 0
34 36 0 3
34 37 2 0
34 38 0 0
34 39 1 0
34 40 0 0
34 41 3 0
34 42 0 3
34 43 2 0
34 44 0 0
34 45 1 0
34 46 0 2
34 47 2 0
34 48 0 3
34 49 0 0
34 50 0 2
34 51 3 0
34 52 0 3
34 53 0 0
34 54 0 0
34 55 3 0
34 56 0 2
34 57 2 0
34 58 0 0
34 59 0 0
34 60 0 0
34 61 1 0
34 62 0 0
34 63 0 0
34 64 0 2
34 65 2 0
34 66 0 2
34 67 1 0
34 68 0 0
34 69 1 0
35 0 0 2
35 1 1 0
35 2 0 3
35 3 1 0
35 4 0 1
35 5 3 0
35 6 0 0
35 7 0 0
35 8 0 3
35 9 0 0
35 10 0 3
35 11 1 0
35 12 0 2
35 13 3 0
35 14 0 1
35 15 0 0
35 16 0 1
35 17 2 0
35 18 0 3
35 19 1 0
35 20 0 2
35 21 3 0
35 22 0 0
35 23 1 0
35 24 0 0
35 25 0 0
35 26 0 3
35 27 3 0
35 28 0 2
35 29 3 0
35 30 0 3
35 31 1 0
35 32 0 1
35 33 2 0
35 34 0 1
35 35 1 0
35 36 0 3
35 37 0 0
35 38 0 1
35 39 0 0
35 40 0 2
35 41 3 0
35 42 0 2
35 43 2 0
35 44 0 1
35 45 0 0
35 46 0 1
35 47 0 0
35 48 0 0
35 49 2 0
35 50 0 2
35 51 1 0
35 52 0 2
35 53 3 0
35 54 0 3
35 55 2 0
35 56 0 2
35 57 1 0
35 58 0 3
35 59 2 0
35 60 0 0
35 61 3 0
35 62 0 0
35 63 2 0
35 64 0 3
35 65 1 0
35 66 0 1
35 67 2 0
35 68 0 2
35 69 3 0
36 0 0 1
36 1 1 0
36 2 0 0
36 3 3 0
36 4 0 3
36 5 1 0
36 6 0 2
36 7 2 0
36 8 0 0
36 9 2 0
36 10 0 1
36 11 0 0
36 12 0 3
36 13 2 0
36 14 0 1
36 15 1 0
36 16 0 0
36 17 0 0
36 18 0 3
36 19 0 0
36 20 0 1
36 21 1 0
36 22 0 0
36 23 3 0
36 24 0 0
36 25 0 0
36 26 0 0
36 27 1 0
36 28 0 0
36 29 0 0
36 30 0 0
36 31 3 0
36 32 0 3
36 33 0 0
36 34 0 0
36 35 0 0
36 36 0 1
36 37 2 0
36 38 0 1
36 39 2 0
36 40 0 0
36 41 1 0
36 42 0 0
36 43 2 0
36 44 0 3
36 45 1 0
36 46 0 2
36 47 3 0
36 48 0 3
36 49 3 0
36 50 0 2
36 51 0 0
36 52 0 1
36 53 2 0
36 54 0 2
36 55 2 0
36 56 0 1
36 57 0 0
36 58 0 2
36 59 2 0
36 60 0 0
36 61 3 0
36 62 0 3
36 63 1 0
36 64 0 0
36 65 0 0
36 66 0 2
36 67 3 0
36 68 0 3
36 69 3 0
37 0 0 3
37 1 3 0
37 2 0 3
37 3 1 0
37 4 0 2
37 5 2 0
37 6 0 0
37 7 1 0
37 8 0 1
37 9 0 0
37 10 0 1
37 11 3 0
37 12 0 3
37 13 1 0
37 14 0 3
37 15 1 0
37 16 0 3
37 17 1 0
37 18 0 2
37 19 0 0
37 20 0 3
37 21 1 0
37 22 0 3
37 23 3 0
37 24 0 2
37 25 0 0
37 26 0 2
37 27 1 0
37 28 0 2
37 29 3 0
37 30 0 2
37 31 2 0
37 32 0 2
37 33 1 0
37 34 0 0
37 35 2 0
37 36 0 2
37 37 3 0
37 38 0 0
37 39 2 0
37 40 0 2
37 41 1 0
37 42 0 1
37 43 1 0
37 44 0 3
37 45 0 0
37 46 0 0
37 47 0 0
37 48 0 1
37 49 2 0
37 50 0 0
37 51 3 0
37 52 0 2
37 53 1 0
37 54 0 0
37 55 1 0
37 56 0 2
37 57 3 0
37 58 0 3
37 59 0 0
37 60 0 1
37 61 0 0
37 62 0 0
37 63 2 0
37 64 0 0
37 65 0 0
37 66 0 0
37 67 1 0
37 68 0 0
37 69 2 0
38 0 0 3
38 1 0 0
38 2 0 1
38 3 3 0
38 4 0 3
38 5 0 0
38 6 0 1
38 7 3 0
38 8 0 2
38 9 1 0
38 10 0 2
38 11 3 0
38 12 0 0
38 13 2 0
38 14 0 0
38 15 2 0
38 16 0 0
38 17 0 0
38 18 0 0
38 19 1 0
38 20 0 2
38 21 3 0
38 22 0 2
38 23 2 0
38 24 0 0
38 25 3 0
38 26 0 0
38 27 0 0
38 28 0 2
38 29 1 0
38 30 0 1
38 31 1 0
38 32 0 3
38 33 0 0
38 34 0 3
38 35 3 0
38 36 0 3
38 37 0 0
38 38 0 1
38 39 0 0
38 40 0 3
38 41 3 0
38 42 0 2
38 43 2 0
38 44 0 3
38 45 2 0
38 46 0 3
38 47 0 0
38 48 0 1
38 49 0 0
38 50 0 1
38 51 3 0
38 52 0 0
38 53 0 0
38 54 0 1
38 55 2 0
38 56 0 2
38 57 2 0
38 58 0 3
38 59 2 0
38 60 0 1
38 61 2 0
38 62 0 3
38 63 2 0
38 64 0 2
38 65 1 0
38 66 0 3
38 67 0 0
38 68 0 1
38 69 2 0
39 0 0 3
39 1 2 0
39 2 0 3
39 3 2 0
39 4 0 3
39 5 3 0
39 6 0 0
39 7 0 0
39 8 0 1
39 9 0 0
39 10 0 1
39 11 2 0
39 12 0 0
39 13 3 0
39 14 0 3
39 15 2 0
39 16 0 2
39 17 3 0
39 18 0 2
39 19 2 0
39 20 0 3
39 21 1 0
39 22 0 0
39 23 1 0
39 24 0 0
39 25 0 0
39 26 0 3
39 27 3 0
39 28 0 1
39 29 3 0
39 30 0 2
39 31 1 0
39 32 0 3
39 33 2 0
39 34 0 0
39 35 2 0
39 36 0 3
39 37 0 0
39 38 0 0
39 39 3 0
39 40 0 1
39 41 0 0
39 42 0 3
39 43 0 0
39 44 0 2
39 45 0 0
39 46 0 1
39 47 2 0
39 48 0 2
39 49 1 0
39 50 0 1
39 51 3 0
39 52 0 2
39 53 1 0
39 54 0 0
39 55 0 0
39 56 0 3
39 57 0 0
39 58 0 2
39 59 2 0
39 60 0 2
39 61 2 0
39 62 0 1
39 63 1 0
39 64 0 2
39 65 3 0
39 66 0 0
39 67 0 0
39 68 0 1
39 69 3 0
40 0 0 1
40 1 0 0
40 2 0 3
40 3 2 0
40 4 0 3
40 5 0 0
40 6 0 1
40 7 2 0
40 8 0 1
40 9 2 0
40 10 0 0
40 11 0 0
40 12 0 2
40 13 1 0
40 14 0 0
40 15 3 0
40 16 0 3
40 17 1 0
40 18 0 1
40 19 0 0
40 20 0 3
40 21 3 0
40 22 0 1
40 23 3 0
40 24 0 2
40 25 2 0
40 26 0 3
40 27 1 0
40 28 0 2
40 29 3 0
40 30 0 1
40 31 3 0
40 32 0 1
40 33 1 0
40 34 0 0
40 35 2 0
40 36 0 2
40 37 2 0
40 38 0 3
40 39 1 0
40 40 0 0
40 41 0 0
40 42 0 0
40 43 1 0
40 44 0 1
40 45 1 0
40 46 0 3
40 47 1 0
40 48 0 0
40 49 3 0
40 50 0 1
40 51 2 0
40 52 0 3
40 53 1 0
40 54 0 2
40 55 1 0
40 56 0 2
40 57 0 0
40 58 0 2
40 59 0 0
40 60 0 2
40 61 3 0
40 62 0 0
40 63 1 0
40 64 0 3
40 65 0 0
40 66 0 3
40 67 2 0
40 68 0 3
40 69 0 0
41 0 0 3
41 1 2 0
41 2 0 0
41 3 3 0
41 4 0 2
41 5 2 0
41 6 0 2
41 7 1 0
41 8 0 1
41 9 1 0
41 10 0 3
41 11 3 0
41 12 0 3
41 13 1 0
41 14 0 1
41 15 0 0
41 16 0 1
41 17 0 0
41 18 0 0
41 19 0 0
41 20 0 0
41 21 0 0
41 22 0 1
41 23 0 0
41 24 0 1
41 25 3 0
41 26 0 3
41 27 0 0
41 28 0 0
41 29 0 0
41 30 0 2
41 31 0 0
41 32 0 2
41 33 0 0
41 34 0 3
41 35 0 0
41 36 0 3
41 37 1 0
41 38 0 2
41 39 3 0
41 40 0 1
41 41 3 0
41 42 0 0
41 43 0 0
41 44 0 3
41 45 2 0
41 46 0 1
41 47 0 0
41 48 0 2
41 49 1 0
41 50 0 0
41 51 1 0
41 52 0 0
41 53 2 0
41 54 0 2
41 55 3 0
41 56 0 0
41 57 3 0
41 58 0 2
41 59 1 0
41 60 0 3
41 61 3 0
41 62 0 3
41 63 1 0
41 64 0 2
41 65 3 0
41 66 0 0
41 67 1 0
41 68 0 2
41 69 2 0
42 0 0 0
42 1 3 0
42 2 0 3
42 3 1 0
42 4 0 0
42 5 2 0
42 6 0 1
42 7 3 0
42 8 0 0
42 9 2 0
42 10 0 2
42 11 3 0
42 12 0 2
42 13 0 0
42 14 0 2
42 15 1 0
42 16 0 1
42 17 3 0
42 18 0 1
42 19 0 0
42 20 0 3
42 21 0 0
42 22 0 1
42 23 3 0
42 24 0 3
42 25 3 0
42 26 0 1
42 27 0 0
42 28 0 0
42 29 0 0
42 30 0 3
42 31 3 0
42 32 0 0
42 33 3 0
42 34 0 3
42 35 1 0
42 36 0 2
42 37 1 0
42 38 0 2
42 39 2 0
42 40 0 1
42 41 1 0
42 42 0 0
42 43 2 0
42 44 0 2
42 45 3 0
42 46 0 2
42 47 1 0
42 48 0 2
42 49 0 0
42 50 0 1
42 51 3 0
42 52 0 2
42 53 0 0
42 54 0 1
42 55 1 0
42 56 0 1
42 57 3 0
42 58 0 2
42 59 1 0
42 60 0 1
42 61 0 0
42 62 0 2
42 63 2 0
42 64 0 2
42 65 1 0
42 66 0 2
42 67 2 0
42 68 0 2
42 69 1 0
43 0 0 1
43 1 3 0
43 2 0 0
43 3 1 0
43 4 0 0
43 5 2 0
43 6 0 1
43 7 0 0
43 8 0 1
43 9 3 0
43 10 0 1
43 11 2 0
43 12 0 2
43 13 2 0
43 14 0 3
43 15 1 0
43 16 0 3
43 17 0 0
43 18 0 1
43 19 3 0
43 20 0 2
43 21 0 0
43 22 0 1
43 23 2 0
43 24 0 0
43 25 2 0
43 26 0 3
43 27 0 0
43 28 0 3
43 29 0 0
43 30 0 1
43 31 3 0
43 32 0 2
43 33 0 0
43 34 0 1
43 35 2 0
43 36 0 3
43 37 0 0
43 38 0 2
43 39 2 0
43 40 0 1
43 41 1 0
43 42 0 3
43 43 2 0
43 44 0 3
43 45 3 0
43 46 0 3
43 47 3 0
43 48 0 3
43 49 0 0
43 50 0 3
43 51 1 0
43 52 0 3
43 53 0 0
43 54 0 3
43 55 0 0
43 56 0 0
43 57 0 0
43 58 0 2
43 59 0 0
43 60 0 2
43 61 0 0
43 62 0 1
43 63 2 0
43 64 0 1
43 65 3 0
43 66 0 0
43 67 1 0
43 68 0 3
43 69 2 0
44 0 0 1
44 1 1 0
44 2 0 0
44 3 1 0
44 4 0 3
44 5 3 0
44 6 0 1
44 7 1 0
44 8 0 0
44 9 3 0
44 10 0 2
44 11 1 0
44 12 0 0
44 13 0 0
44 14 0 3
44 15 2 0
44 16 0 0
44 17 0 0
44 18 0 2
44 19 2 0
44 20 0 3
44 21 2 0
44 22 0 3
44 23 0 0
44 24 0 0
44 25 2 0
44 26 0 3
44 27 2 0
44 28 0 2
44 29 1 0
44 30 0 2
44 31 2 0
44 32 0 3
44 33 2 0
44 34 0 2
44 35 3 0
44 36 0 1
44 37 1 0
44 38 0 1
44 39 1 0
44 40 0 1
44 41 0 0
44 42 0 2
44 43 3 0
44 44 0 3
44 45 1 0
44 46 0 1
44 47 0 0
44 48 0 2
44 49 1 0
44 50 0 3
44 51 2 0
44 52 0 2
44 53 1 0
44 54 0 3
44 55 2 0
44 56 0 1
44 57 3 0
44 58 0 3
44 59 0 0
44 60 0 2
44 61 2 0
44 62 0 0
44 63 0 0
44 64 0 3
44 65 3 0
44 66 0 1
44 67 1 0
44 68 0 2
44 69 1 0
45 0 0 0
45 1 1 0
45 2 0 3
45 3 2 0
45 4 0 1
45 5 3 0
45 6 0 0
45 7 3 0
45 8 0 2
45 9 0 0
45 10 0 3
45 11 0 0
45 12 0 1
45 13 3 0
45 14 0 0
45 15 1 0
45 16 0 1
45 17 2 0
45 18 0 1
45 19 2 0
45 20 0 1
45 21 2 0
45 22 0 0
45 23 0 0
45 24 0 3
45 25 2 0
45 26 0 1
45 27 2 0
45 28 0 3
45 29 1 0
45 30 0 1
45 31 1 0
45 32 0 1
45 33 3 0
45 34 0 3
45 35 1 0
45 36 0 3
45 37 0 0
45 38 0 3
45 39 2 0
45 40 0 0
45 41 2 0
45 42 0 2
45 43 3 0
45 44 0 2
45 45 2 0
45 46 0 0
45 47 2 0
45 48 0 1
45 49 2 0
45 50 0 2
45 51 2 0
45 52 0 2
45 53 2 0
45 54 0 1
45 55 0 0
45 56 0 1
45 57 2 0
45 58 0 1
45 59 3 0
45 60 0 3
45 61 2 0
45 62 0 2
45 63 3 0
45 64 0 0
45 65 2 0
45 66 0 2
45 67 2 0
45 68 0 2
45 69 2 0
46 0 0 1
46 1 2 0
46 2 0 1
46 3 0 0
46 4 0 0
46 5 0 0
46 6 0 1
46 7 1 0
46 8 0 2
46 9 1 0
46 10 0 3
46 11 0 0
46 12 0 2
46 13 3 0
46 14 0 0
46 15 3 0
46 16 0 3
46 17 0 0
46 18 0 1
46 19 3 0
46 20 0 3
46 21 0 0
46 22 0 1
46 23 0 0
46 24 0 1
46 25 2 0
46 26 0 2
46 27 3 0
46 28 0 3
46 29 3 0
46 30 0 0
46 31 2 0
46 32 0 0
46 33 3 0
46 34 0 0
46 35 0 0
46 36 0 3
46 37 2 0
46 38 0 3
46 39 2 0
46 40 0 3
46 41 0 0
46 42 0 0
46 43 3 0
46 44 0 1
46 45 2 0
46 46 0 1
46 47 1 0
46 48 0 0
46 49 3 0
46 50 0 3
46 51 1 0
46 52 0 0
46 53 3 0
46 54 0 2
46 55 3 0
46 56 0 3
46 57 3 0
46 58 0 2
46 59 0 0
46 60 0 3
46 61 2 0
46 62 0 0
46 63 3 0
46 64 0 3
46 65 2 0
46 66 0 1
46 67 1 0
46 68 0 1
46 69 2 0
47 0 0 2
47 1 0 0
47 2 0 1
47 3 1 0
47 4 0 3
47 5 3 0
47 6 0 1
47 7 1 0
47 8 0 1
47 9 0 0
47 10 0 3
47 11 2 0
47 12 0 0
47 13 1 0
47 14 0 3
47 15 3 0
47 16 0 0
47 17 0 0
47 18 0 2
47 19 0 0
47 20 0 0
47 21 3 0
47 22 0 0
47 23 3 0
47 24 0 3
47 25 1 0
47 26 0 3
47 27 2 0
47 28 0 1
47 29 3 0
47 30 0 1
47 31 2 0
47 32 0 0
47 33 3 0
47 34 0 2
47 35 0 0
47 36 0 0
47 37 1 0
47 38 0 0
47 39 2 0
47 40 0 2
47 41 1 0
47 42 0 1
47 43 3 0
47 44 0 2
47 45 2 0
47 46 0 0
47 47 0 0
47 48 0 1
47 49 2 0
47 50 0 0
47 51 3 0
47 52 0 0
47 53 3 0
47 54 0 0
47 55 0 0
47 56 0 3
47 57 0 0
47 58 0 1
47 59 3 0
47 60 0 3
47 61 2 0
47 62 0 0
47 63 0 0
47 64 0 0
47 65 0 0
47 66 0 1
47 67 3 0
47 68 0 0
47 69 3 0
48 0 0 1
48 1 1 0
48 2 0 2
48 3 3 0
48 4 0 1
48 5 0 0
48 6 0 3
48 7 0 0
48 8 0 0
48 9 3 0
48 10 0 1
48 11 1 0
48 12 0 1
48 13 0 0
48 14 0 3
48 15 1 0
48 16 0 2
48 17 3 0
48 18 0 2
48 19 1 0
48 20 0 2
48 21 2 0
48 22 0 3
48 23 3 0
48 24 0 0
48 25 3 0
48 26 0 3
48 27 2 0
48 28 0 3
48 29 0 0
48 30 0 1
48 31 3 0
48 32 0 0
48 33 0 0
48 34 0 0
48 35 2 0
48 36 0 3
48 37 3 0
48 38 0 2
48 39 3 0
48 40 0 2
48 41 2 0
48 42 0 2
48 43 2 0
48 44 0 3
48 45 1 0
48 46 0 3
48 47 3 0
48 48 0 2
48 49 3 0
48 50 0 3
48 51 2 0
48 52 0 1
48 53 1 0
48 54 0 1
48 55 1 0
48 56 0 3
48 57 0 0
48 58 0 3
48 59 1 0
48 60 0 2
48 61 2 0
48 62 0 1
48 63 1 0
48 64 0 1
48 65 1 0
48 66 0 0
48 67 2 0
48 68 0 3
48 69 0 0
49 0 0 0
49 1 0 0
49 2 0 2
49 3 3 0
49 4 0 2
49 5 3 0
49 6 0 0
49 7 0 0
49 8 0 3
49 9 3 0
49 10 0 1
49 11 1 0
49 12 0 2
49 13 1 0
49 14 0 3
49 15 2 0
49 16 0 2
49 17 0 0
49 18 0 0
49 19 1 0
49 20 0 2
49 21 1 0
49 22 0 0
49 23 1 0
49 24 0 3
49 25 3 0
49 26 0 1
49 27 3 0
49 28 0 2
49 29 0 0
49 30 0 1
49 31 1 0
49 32 0 0
49 33 2 0
49 34 0 0
49 35 2 0
49 36 0 0
49 37 2 0
49 38 0 3
49 39 0 0
49 40 0 0
49 41 0 0
49 42 0 2
49 43 3 0
49 44 0 0
49 45 2 0
49 46 0 2
49 47 1 0
49 48 0 1
49 49 0 0
49 50 0 0
49 51 0 0
49 52 0 3
49 53 3 0
49 54 0 0
49 55 2 0
49 56 0 0
49 57 3 0
49 58 0 3
49 59 2 0
49 60 0 3
49 61 3 0
49 62 0 2
49 63 0 0
49 64 0 2
49 65 1 0
49 66 0 0
49 67 1 0
49 68 0 0
49 69 3 0
50 0 0 0
50 1 1 0
50 2 0 3
50 3 3 0
50 4 0 1
50 5 3 0
50 6 0 0
50 7 3 0
50 8 0 0
50 9 0 0
50 10 0 2
50 11 2 0
50 12 0 1
50 13 0 0
50 14 0 3
50 15 2 0
50 16 0 3
50 17 0 0
50 18 0 2
50 19 0 0
50 20 0 3
50 21 2 0
50 22 0 2
50 23 3 0
50 24 0 1
50 25 0 0
50 26 0 2
50 27 1 0
50 28 0 3
50 29 2 0
50 30 0 3
50 31 0 0
50 32 0 0
50 33 3 0
50 34 0 1
50 35 2 0
50 36 0 2
50 37 0 0
50 38 0 2
50 39 2 0
50 40 0 0
50 41 1 0
50 42 0 1
50 43 1 0
50 44 0 1
50 45 2 0
50 46 0 0
50 47 2 0
50 48 0 3
50 49 3 0
50 50 0 3
50 51 2 0
50 52 0 2
50 53 0 0
50 54 0 3
50 55 0 0
50 56 0 2
50 57 2 0
50 58 0 0
50 59 2 0
50 60 0 0
50 61 0 0
50 62 0 3
50 63 3 0
50 64 0 2
50 65 3 0
50 66 0 1
50 67 3 0
50 68 0 2
50 69 2 0
51 0 0 2
51 1 2 0
51 2 0 3
51 3 3 0
51 4 0 3
51 5 1 0
51 6 0 3
51 7 0 0
51 8 0 0
51 9 3 0
51 10 0 2
51 11 3 0
51 12 0 3
51 13 2 0
51 14 0 2
51 15 3 0
51 16 0 3
51 17 3 0
51 18 0 2
51 19 0 0
51 20 0 1
51 21 1 0
51 22 0 3
51 23 3 0
51 24 0 3
51 25 3 0
51 26 0 2
51 27 0 0
51 28 0 0
51 29 1 0
51 30 0 3
51 31 2 0
51 32 0 1
51 33 3 0
51 34 0 3
51 35 2 0
51 36 0 3
51 37 3 0
51 38 0 0
51 39 0 0
51 40 0 2
51 41 2 0
51 42 0 3
51 43 1 0
51 44 0 0
51 45 2 0
51 46 0 1
51 47 3 0
51 48 0 0
51 49 3 0
51 50 0 3
51 51 0 0
51 52 0 0
51 53 1 0
51 54 0 1
51 55 0 0
51 56 0 0
51 57 0 0
51 58 0 0
51 59 2 0
51 60 0 0
51 61 1 0
51 62 0 3
51 63 3 0
51 64 0 2
51 65 2 0
51 66 0 2
51 67 3 0
51 68 0 1
51 69 1 0
52 0 0 2
52 1 1 0
52 2 0 3
52 3 1 0
52 4 0 3
52 5 3 0
52 6 0 0
52 7 0 0
52 8 0 2
52 9 1 0
52 10 0 0
52 11 0 0
52 12 0 3
52 13 1 0
52 14 0 1
52 15 3 0
52 16 0 0
52 17 1 0
52 18 0 3
52 19 2 0
52 20 0 0
52 21 1 0
52 22 0 3
52 23 1 0
52 24 0 2
52 25 1 0
52 26 0 1
52 27 2 0
52 28 0 3
52 29 0 0
52 30 0 1
52 31 1 0
52 32 0 3
52 33 0 0
52 34 0 1
52 35 3 0
52 36 0 1
52 37 3 0
52 38 0 2
52 39 0 0
52 40 0 2
52 41 3 0
52 42 0 3
52 43 2 0
52 44 0 2
52 45 0 0
52 46 0 1
52 47 1 0
52 48 0 2
52 49 0 0
52 50 0 1
52 51 2 0
52 52 0 3
52 53 2 0
52 54 0 0
52 55 3 0
52 56 0 2
52 57 0 0
52 58 0 2
52 59 3 0
52 60 0 2
52 61 3 0
52 62 0 0
52 63 2 0
52 64 0 2
52 65 3 0
52 66 0 2
52 67 1 0
52 68 0 0
52 69 1 0
53 0 0 2
53 1 0 0
53 2 0 3
53 3 3 0
53 4 0 3
53 5 2 0
53 6 0 2
53 7 3 0
53 8 0 3
53 9 1 0
53 10 0 3
53 11 1 0
53 12 0 1
53 13 3 0
53 14 0 0
53 15 0 0
53 16 0 3
53 17 2 0
53 18 0 1
53 19 1 0
53 20 0 2
53 21 1 0
53 22 0 0
53 23 0 0
53 24 0 1
53 25 1 0
53 26 0 0
53 27 0 0
53 28 0 1
53 29 0 0
53 30 0 3
53 31 3 0
53 32 0 0
53 33 2 0
53 34 0 3
53 35 0 0
53 36 0 2
53 37 3 0
53 38 0 1
53 39 0 0
53 40 0 3
53 41 2 0
53 42 0 1
53 43 2 0
53 44 0 3
53 45 1 0
53 46 0 0
53 47 3 0
53 48 0 1
53 49 3 0
53 50 0 2
53 51 3 0
53 52 0 3
53 53 0 0
53 54 0 0
53 55 1 0
53 56 0 0
53 57 1 0
53 58 0 3
53 59 2 0
53 60 0 3
53 61 1 0
53 62 0 3
53 63 3 0
53 64 0 1
53 65 1 0
53 66 0 2
53 67 3 0
53 68 0 3
53 69 1 0
54 0 0 2
54 1 2 0
54 2 0 1
54 3 0 0
54 4 0 2
54 5 1 0
54 6 0 0
54 7 1 0
54 8 0 1
54 9 3 0
54 10 0 1
54 11 0 0
54 12 0 2
54 13 2 0
54 14 0 3
54 15 1 0
54 16 0 2
54 17 0 0
54 18 0 1
54 19 1 0
54 20 0 1
54 21 2 0
54 22 0 2
54 23 3 0
54 24 0 2
54 25 0 0
54 26 0 0
54 27 1 0
54 28 0 2
54 29 3 0
54 30 0 2
54 31 0 0
54 32 0 1
54 33 2 0
54 34 0 1
54 35 0 0
54 36 0 1
54 37 1 0
54 38 0 3
54 39 1 0
54 40 0 1
54 41 1 0
54 42 0 3
54 43 3 0
54 44 0 3
54 45 2 0
54 46 0 2
54 47 3 0
54 48 0 2
54 49 0 0
54 50 0 1
54 51 0 0
54 52 0 1
54 53 2 0
54 54 0 0
54 55 3 0
54 56 0 3
54 57 2 0
54 58 0 1
54 59 3 0
54 60 0 1
54 61 0 0
54 62 0 3
54 63 1 0
54 64 0 2
54 65 2 0
54 66 0 0
54 67 1 0
54 68 0 2
54 69 2 0
55 0 0 0
55 1 3 0
55 2 0 3
55 3 0 0
55 4 0 3
55 5 3 0
55 6 0 3
55 7 0 0
55 8 0 2
55 9 2 0
55 10 0 1
55 11 1 0
55 12 0 3
55 13 3 0
55 14 0 0
55 15 0 0
55 16 0 0
55 17 3 0
55 18 0 2
55 19 2 0
55 20 0 0
55 21 1 0
55 22 0 2
55 23 2 0
55 24 0 3
55 25 3 0
55 26 0 2
55 27 0 0
55 28 0 1
55 29 3 0
55 30 0 2
55 31 1 0
55 32 0 3
55 33 3 0
55 34 0 3
55 35 0 0
55 36 0 1
55 37 1 0
55 38 0 1
55 39 2 0
55 40 0 1
55 41 3 0
55 42 0 2
55 43 3 0
55 44 0 3
55 45 0 0
55 46 0 0
55 47 3 0
55 48 0 3
55 49 1 0
55 50 0 3
55 51 3 0
55 52 0 2
55 53 1 0
55 54 0 1
55 55 1 0
55 56 0 1
55 57 2 0
55 58 0 0
55 59 3 0
55 60 0 0
55 61 2 0
55 62 0 3
55 63 1 0
55 64 0 0
55 65 3 0
55 66 0 2
55 67 2 0
55 68 0 2
55 69 3 0
56 0 0 1
56 1 2 0
56 2 0 2
56 3 1 0
56 4 0 1
56 5 3 0
56 6 0 1
56 7 2 0
56 8 0 3
56 9 0 0
56 10 0 3
56 11 0 0
56 12 0 3
56 13 1 0
56 14 0 2
56 15 3 0
56 16 0 2
56 17 2 0
56 18 0 1
56 19 3 0
56 20 0 0
56 21 3 0
56 22 0 2
56 23 3 0
56 24 0 3
56 25 2 0
56 26 0 0
56 27 1 0
56 28 0 2
56 29 0 0
56 30 0 1
56 31 3 0
56 32 0 0
56 33 0 0
56 34 0 2
56 35 0 0
56 36 0 2
56 37 0 0
56 38 0 2
56 39 1 0
56 40 0 0
56 41 1 0
56 42 0 2
56 43 1 0
56 44 0 1
56 45 0 0
56 46 0 0
56 47 1 0
56 48 0 2
56 49 0 0
56 50 0 0
56 51 0 0
56 52 0 3
56 53 1 0
56 54 0 1
56 55 0 0
56 56 0 2
56 57 0 0
56 58 0 2
56 59 0 0
56 60 0 1
56 61 0 0
56 62 0 3
56 63 0 0
56 64 0 1
56 65 2 0
56 66 0 3
56 67 0 0
56 68 0 2
56 69 2 0
57 0 0 1
57 1 1 0
57 2 0 0
57 3 0 0
57 4 0 0
57 5 2 0
57 6 0 1
57 7 1 0
57 8 0 1
57 9 1 0
57 10 0 0
57 11 3 0
57 12 0 0
57 13 3 0
57 14 0 3
57 15 0 0
57 16 0 3
57 17 3 0
57 18 0 2
57 19 3 0
57 20 0 2
57 21 0 0
57 22 0 3
57 23 1 0
57 24 0 2
57 25 3 0
57 26 0 0
57 27 2 0
57 28 0 3
57 29 2 0
57 30 0 0
57 31 2 0
57 32 0 2
57 33 3 0
57 34 0 1
57 35 1 0
57 36 0 3
57 37 1 0
57 38 0 3
57 39 2 0
57 40 0 3
57 41 2 0
57 42 0 0
57 43 3 0
57 44 0 3
57 45 3 0
57 46 0 2
57 47 0 0
57 48 0 0
57 49 0 0
57 50 0 1
57 51 0 0
57 52 0 1
57 53 1 0
57 54 0 2
57 55 0 0
57 56 0 0
57 57 2 0
57 58 0 1
57 59 3 0
57 60 0 1
57 61 0 0
57 62 0 0
57 63 3 0
57 64 0 1
57 65 2 0
57 66 0 1
57 67 2 0
57 68 0 1
57 69 1 0
58 0 0 0
58 1 1 0
58 2 0 0
58 3 0 0
58 4 0 2
58 5 1 0
58 6 0 0
58 7 1 0
58 8 0 0
58 9 1 0
58 10 0 2
58 11 1 0
58 12 0 2
58 13 2 0
58 14 0 2
58 15 0 0
58 16 0 0
58 17 3 0
58 18 0 0
58 19 3 0
58 20 0 1
58 21 2 0
58 22 0 1
58 23 0 0
58 24 0 2
58 25 1 0
58 26 0 3
58 27 2 0
58 28 0 3
58 29 1 0
58 30 0 0
58 31 2 0
58 32 0 3
58 33 2 0
58 34 0 3
58 35 3 0
58 36 0 3
58 37 0 0
58 38 0 0
58 39 3 0
58 40 0 3
58 41 0 0
58 42 0 3
58 43 0 0
58 44 0 1
58 45 1 0
58 46 0 1
58 47 0 0
58 48 0 0
58 49 0 0
58 50 0 2
58 51 1 0
58 52 0 2
58 53 1 0
58 54 0 0
58 55 2 0
58 56 0 3
58 57 0 0
58 58 0 3
58 59 0 0
58 60 0 0
58 61 0 0
58 62 0 3
58 63 1 0
58 64 0 0
58 65 3 0
58 66 0 1
58 67 0 0
58 68 0 2
58 69 0 0
59 0 0 2
59 1 3 0
59 2 0 1
59 3 0 0
59 4 0 2
59 5 0 0
59 6 0 3
59 7 2 0
59 8 0 2
59 9 1 0
59 10 0 2
59 11 2 0
59 12 0 3
59 13 1 0
59 14 0 2
59 15 2 0
59 16 0 1
59 17 0 0
59 18 0 2
59 19 0 0
59 20 0 1
59 21 2 0
59 22 0 2
59 23 2 0
59 24 0 3
59 25 1 0
59 26 0 3
59 27 2 0
59 28 0 0
59 29 2 0
59 30 0 3
59 31 2 0
59 32 0 2
59 33 0 0
59 34 0 1
59 35 1 0
59 36 0 3
59 37 2 0
59 38 0 2
59 39 0 0
59 40 0 1
59 41 0 0
59 42 0 3
59 43 2 0
59 44 0 2
59 45 1 0
59 46 0 1
59 47 0 0
59 48 0 0
59 49 0 0
59 50 0 3
59 51 2 0
59 52 0 1
59 53 2 0
59 54 0 3
59 55 0 0
59 56 0 2
59 57 2 0
59 58 0 1
59 59 2 0
59 60 0 2
59 61 1 0
59 62 0 3
59 63 0 0
59 64 0 0
59 65 3 0
59 66 0 3
59 67 3 0
59 68 0 2
59 69 0 0
60 0 0 0
60 1 3 0
60 2 0 3
60 3 3 0
60 4 0 2
60 5 3 0
60 6 0 3
60 7 3 0
60 8 0 1
60 9 3 0
60 10 0 1
60 11 1 0
60 12 0 2
60 13 1 0
60 14 0 0
60 15 3 0
60 16 0 2
60 17 0 0
60 18 0 2
60 19 0 0
60 20 0 1
60 21 3 0
60 22 0 2
60 23 2 0
60 24 0 0
60 25 0 0
60 26 0 0
60 27 2 0
60 28 0 3
60 29 3 0
60 30 0 0
60 31 0 0
60 32 0 1
60 33 3 0
60 34 0 3
60 35 0 0
60 36 0 3
60 37 0 0
60 38 0 2
60 39 2 0
60 40 0 0
60 41 0 0
60 42 0 1
60 43 3 0
60 44 0 0
60 45 1 0
60 46 0 0
60 47 2 0
60 48 0 0
60 49 0 0
60 50 0 2
60 51 0 0
60 52 0 3
60 53 2 0
60 54 0 1
60 55 0 0
60 56 0 0
60 57 2 0
60 58 0 3
60 59 3 0
60 60 0 2
60 61 0 0
60 62 0 0
60 63 1 0
60 64 0 3
60 65 0 0
60 66 0 2
60 67 3 0
60 68 0 2
60 69 0 0
61 0 0 3
61 1 3 0
61 2 0 1
61 3 2 0
61 4 0 3
61 5 3 0
61 6 0 3
61 7 3 0
61 8 0 0
61 9 1 0
61 10 0 3
61 11 3 0
61 12 0 3
61 13 1 0
61 14 0 3
61 15 2 0
61 16 0 2
61 17 3 0
61 18 0 3
61 19 0 0
61 20 0 0
61 21 1 0
61 22 0 3
61 23 2 0
61 24 0 2
61 25 3 0
61 26 0 0
61 27 3 0
61 28 0 2
61 29 2 0
61 30 0 3
61 31 0 0
61 32 0 3
61 33 0 0
61 34 0 0
61 35 1 0
61 36 0 3
61 37 0 0
61 38 0 1
61 39 1 0
61 40 0 1
61 41 2 0
61 42 0 1
61 43 2 0
61 44 0 3
61 45 3 0
61 46 0 2
61 47 3 0
61 48 0 0
61 49 3 0
61 50 0 3
61 51 0 0
61 52 0 3
61 53 1 0
61 54 0 2
61 55 1 0
61 56 0 3
61 57 3 0
61 58 0 3
61 59 3 0
61 60 0 1
61 61 3 0
61 62 0 3
61 63 2 0
61 64 0 1
61 65 3 0
61 66 0 2
61 67 1 0
61 68 0 1
61 69 2 0
62 0 0 2
62 1 1 0
62 2 0 1
62 3 1 0
62 4 0 1
62 5 3 0
62 6 0 1
62 7 2 0
62 8 0 3
62 9 1 0
62 10 0 2
62 11 0 0
62 12 0 2
62 13 1 0
62 14 0 0
62 15 2 0
62 16 0 0
62 17 2 0
62 18 0 2
62 19 0 0
62 20 0 0
62 21 0 0
62 22 0 2
62 23 1 0
62 24 0 1
62 25 1 0
62 26 0 2
62 27 3 0
62 28 0 2
62 29 3 0
62 30 0 2
62 31 1 0
62 32 0 0
62 33 3 0
62 34 0 2
62 35 0 0
62 36 0 0
62 37 0 0
62 38 0 1
62 39 3 0
62 40 0 2
62 41 1 0
62 42 0 1
62 43 3 0
62 44 0 3
62 45 3 0
62 46 0 0
62 47 3 0
62 48 0 0
62 49 0 0
62 50 0 3
62 51 2 0
62 52 0 0
62 53 3 0
62 54 0 1
62 55 0 0
62 56 0 2
62 57 1 0
62 58 0 0
62 59 1 0
62 60 0 0
62 61 1 0
62 62 0 0
62 63 1 0
62 64 0 1
62 65 1 0
62 66 0 2
62 67 1 0
62 68 0 0
62 69 0 0
63 0 0 3
63 1 1 0
63 2 0 0
63 3 1 0
63 4 0 3
63 5 3 0
63 6 0 2
63 7 2 0
63 8 0 2
63 9 3 0
63 10 0 2
63 11 3 0
63 12 0 2
63 13 1 0
63 14 0 1
63 15 3 0
63 16 0 3
63 17 0 0
63 18 0 0
63 19 2 0
63 20 0 1
63 21 3 0
63 22 0 0
63 23 2 0
63 24 0 1
63 25 3 0
63 26 0 0
63 27 1 0
63 28 0 1
63 29 3 0
63 30 0 3
63 31 0 0
63 32 0 0
63 33 0 0
63 34 0 3
63 35 3 0
63 36 0 3
63 37 0 0
63 38 0 3
63 39 3 0
63 40 0 2
63 41 3 0
63 42 0 2
63 43 3 0
63 44 0 3
63 45 2 0
63 46 0 1
63 47 0 0
63 48 0 2
63 49 2 0
63 50 0 1
63 51 1 0
63 52 0 0
63 53 3 0
63 54 0 3
63 55 3 0
63 56 0 1
63 57 2 0
63 58 0 2
63 59 2 0
63 60 0 1
63 61 2 0
63 62 0 0
63 63 2 0
63 64 0 3
63 65 0 0
63 66 0 1
63 67 3 0
63 68 0 1
63 69 3 0
64 0 0 3
64 1 1 0
64 2 0 1
64 3 1 0
64 4 0 0
64 5 1 0
64 6 0 3
64 7 3 0
64 8 0 0
64 9 2 0
64 10 0 0
64 11 1 0
64 12 0 0
64 13 1 0
64 14 0 1
64 15 0 0
64 16 0 0
64 17 1 0
64 18 0 2
64 19 2 0
64 20 0 1
64 21 0 0
64 22 0 0
64 23 2 0
64 24 0 0
64 25 1 0
64 26 0 0
64 27 2 0
64 28 0 1
64 29 3 0
64 30 0 1
64 31 3 0
64 32 0 1
64 33 0 0
64 34 0 1
64 35 0 0
64 36 0 1
64 37 0 0
64 38 0 1
64 39 2 0
64 40 0 0
64 41 1 0
64 42 0 1
64 43 1 0
64 44 0 1
64 45 2 0
64 46 0 1
64 47 2 0
64 48 0 3
64 49 1 0
64 50 0 2
64 51 0 0
64 52 0 3
64 53 3 0
64 54 0 1
64 55 0 0
64 56 0 1
64 57 1 0
64 58 0 3
64 59 0 0
64 60 0 0
64 61 1 0
64 62 0 0
64 63 0 0
64 64 0 1
64 65 1 0
64 66 0 0
64 67 0 0
64 68 0 0
64 69 0 0
65 0 0 1
65 1 3 0
65 2 0 3
65 3 2 0
65 4 0 3
65 5 3 0
65 6 0 1
65 7 0 0
65 8 0 3
65 9 2 0
65 10 0 0
65 11 2 0
65 12 0 0
65 13 3 0
65 14 0 3
65 15 0 0
65 16 0 1
65 17 3 0
65 18 0 1
65 19 2 0
65 20 0 1
65 21 0 0
65 22 0 0
65 23 0 0
65 24 0 1
65 25 2 0
65 26 0 3
65 27 2 0
65 28 0 2
65 29 1 0
65 30 0 1
65 31 1 0
65 32 0 0
65 33 0 0
65 34 0 0
65 35 0 0
65 36 0 0
65 37 2 0
65 38 0 2
65 39 0 0
65 40 0 3
65 41 3 0
65 42 0 3
65 43 1 0
65 44 0 1
65 45 3 0
65 46 0 2
65 47 2 0
65 48 0 2
65 49 3 0
65 50 0 3
65 51 1 0
65 52 0 1
65 53 2 0
65 54 0 3
65 55 0 0
65 56 0 0
65 57 1 0
65 58 0 0
65 59 1 0
65 60 0 1
65 61 0 0
65 62 0 1
65 63 0 0
65 64 0 1
65 65 3 0
65 66 0 3
65 67 3 0
65 68 0 3
65 69 1 0
66 0 0 3
66 1 1 0
66 2 0 1
66 3 1 0
66 4 0 1
66 5 0 0
66 6 0 3
66 7 0 0
66 8 0 2
66 9 1 0
66 10 0 2
66 11 0 0
66 12 0 0
66 13 1 0
66 14 0 3
66 15 0 0
66 16 0 0
66 17 2 0
66 18 0 1
66 19 2 0
66 20 0 3
66 21 1 0
66 22 0 3
66 23 0 0
66 24 0 2
66 25 3 0
66 26 0 3
66 27 3 0
66 28 0 1
66 29 0 0
66 30 0 0
66 31 3 0
66 32 0 1
66 33 3 0
66 34 0 1
66 35 0 0
66 36 0 1
66 37 1 0
66 38 0 0
66 39 3 0
66 40 0 1
66 41 2 0
66 42 0 0
66 43 3 0
66 44 0 2
66 45 2 0
66 46 0 3
66 47 0 0
66 48 0 0
66 49 1 0
66 50 0 1
66 51 0 0
66 52 0 0
66 53 3 0
66 54 0 3
66 55 1 0
66 56 0 2
66 57 1 0
66 58 0 1
66 59 0 0
66 60 0 0
66 61 2 0
66 62 0 0
66 63 1 0
66 64 0 1
66 65 3 0
66 66 0 0
66 67 1 0
66 68 0 0
66 69 3 0
67 0 0 3
67 1 2 0
67 2 0 2
67 3 0 0
67 4 0 1
67 5 3 0
67 6 0 3
67 7 0 0
67 8 0 2
67 9 1 0
67 10 0 1
67 11 1 0
67 12 0 3
67 13 3 0
67 14 0 0
67 15 2 0
67 16 0 1
67 17 3 0
67 18 0 0
67 19 3 0
67 20 0 0
67 21 3 0
67 22 0 2
67 23 1 0
67 24 0 1
67 25 1 0
67 26 0 0
67 27 3 0
67 28 0 1
67 29 3 0
67 30 0 0
67 31 2 0
67 32 0 0
67 33 3 0
67 34 0 1
67 35 3 0
67 36 0 3
67 37 0 0
67 38 0 2
67 39 0 0
67 40 0 3
67 41 0 0
67 42 0 1
67 43 2 0
67 44 0 3
67 45 0 0
67 46 0 1
67 47 2 0
67 48 0 1
67 49 3 0
67 50 0 1
67 51 3 0
67 52 0 2
67 53 3 0
67 54 0 3
67 55 1 0
67 56 0 1
67 57 2 0
67 58 0 1
67 59 1 0
67 60 0 1
67 61 2 0
67 62 0 3
67 63 3 0
67 64 0 0
67 65 2 0
67 66 0 3
67 67 3 0
67 68 0 0
67 69 3 0
68 0 0 0
68 1 1 0
68 2 0 2
68 3 3 0
68 4 0 3
68 5 1 0
68 6 0 2
68 7 2 0
68 8 0 1
68 9 3 0
68 10 0 0
68 11 0 0
68 12 0 0
68 13 3 0
68 14 0 2
68 15 0 0
68 16 0 1
68 17 3 0
68 18 0 0
68 19 0 0
68 20 0 0
68 21 0 0
68 22 0 2
68 23 2 0
68 24 0 0
68 25 1 0
68 26 0 2
68 27 1 0
68 28 0 3
68 29 0 0
68 30 0 3
68 31 2 0
68 32 0 3
68 33 3 0
68 34 0 3
68 35 0 0
68 36 0 0
68 37 0 0
68 38 0 2
68 39 1 0
68 40 0 3
68 41 1 0
68 42 0 1
68 43 2 0
68 44 0 1
68 45 1 0
68 46 0 0
68 47 2 0
68 48 0 2
68 49 1 0
68 50 0 0
68 51 3 0
68 52 0 2
68 53 1 0
68 54 0 2
68 55 0 0
68 56 0 3
68 57 0 0
68 58 0 2
68 59 2 0
68 60 0 1
68 61 3 0
68 62 0 1
68 63 3 0
68 64 0 1
68 65 2 0
68 66 0 3
68 67 2 0
68 68 0 3
68 69 1 0
69 0 0 1
69 1 1 0
69 2 0 0
69 3 1 0
69 4 0 0
69 5 1 0
69 6 0 0
69 7 1 0
69 8 0 1
69 9 2 0
69 10 0 1
69 11 1 0
69 12 0 3
69 13 0 0
69 14 0 2
69 15 2 0
69 16 0 0
69 17 3 0
69 18 0 1
69 19 0 0
69 20 0 0
69 21 0 0
69 22 0 1
69 23 3 0
69 24 0 0
69 25 1 0
69 26 0 1
69 27 3 0
69 28 0 1
69 29 2 0
69 30 0 3
69 31 0 0
69 32 0 2
69 33 2 0
69 34 0 3
69 35 2 0
69 36 0 2
69 37 2 0
69 38 0 1
69 39 1 0
69 40 0 3
69 41 3 0
69 42 0 2
69 43 3 0
69 44 0 0
69 45 2 0
69 46 0 0
69 47 1 0
69 48 0 0
69 49 3 0
69 50 0 1
69 51 2 0
69 52 0 1
69 53 3 0
69 54 0 0
69 55 0 0
69 56 0 2
69 57 1 0
69 58 0 0
69 59 1 0
69 60 0 1
69 61 2 0
69 62 0 3
69 63 3 0
69 64 0 2
69 65 1 0
69 66 0 0
69 67 0 0
69 68 0 1
69 69 0 0
