8 17 38 74
7 5 61 123
8 18 31 61
7 6 15 31
8 15 25 48
7 7 23 46
8 16 21 41
7 8 41 85
10 10 69 138
7 9 32 64
10 11 55 109
10 12 59 116
10 13 63 129
8 10 72 143
15 21 7 12
8 13 14 29
15 20 7 15
8 14 25 50
8 11 57 117
8 12 10 22
21 4 3 3
21 3 18 32
21 2 6 7
21 0 35 68
10 14 172 202
10 15 103 341
10 16 12 49
10 17 27 21
10 18 41 77
10 19 14 23
21 7 9 17
21 6 6 10
21 5 29 52
10 20 75 145
10 21 6 7
10 22 10 17
17 8 6 11
17 7 37 72
17 6 6 7
8 20 4 5
3 16 7 12
3 14 7 12
3 13 16 28
3 12 19 37
3 11 9 83
3 10 44 13
17 5 8 14
17 4 14 26
17 3 16 26
6 1 32 58
6 2 11 18
6 5 10 15
6 6 26 51
6 7 59 117
6 8 26 50
6 9 41 79
20 4 7 10
20 3 14 23
20 2 14 26
20 1 15 22
20 0 9 17
20 9 13 21
20 8 4 3
20 7 18 35
15 14 41 82
9 18 31 73
9 19 35 64
15 13 33 68
15 12 40 78
9 16 14 31
9 17 67 136
15 11 35 72
15 18 14 19
15 17 10 29
16 9 47 94
15 16 30 60
21 15 16 31
16 8 10 20
15 15 38 75
21 14 10 18
16 7 35 71
9 10 47 96
9 11 68 136
9 14 84 167
15 10 11 23
9 15 21 45
9 12 65 128
9 13 59 119
21 13 32 64
16 6 18 37
21 12 8 17
16 5 10 39
15 19 15 32
5 2 30 60
16 3 12 23
5 3 5 11
16 2 12 22
5 4 16 32
16 1 1 2
5 6 44 90
14 12 9 17
5 7 14 28
4 11 43 85
4 12 42 83
14 13 49 98
5 8 97 192
14 10 31 60
5 9 3 4
4 14 20 42
14 11 31 61
14 16 16 33
20 16 5 8
14 17 4 8
4 16 35 73
20 15 3 6
14 14 56 112
20 14 21 41
14 15 36 70
20 13 4 8
9 21 6 11
9 22 3 9
9 20 10 18
4 10 35 70
14 18 40 81
20 10 1 4
14 19 5 9
14 21 35 68
15 9 16 34
15 8 21 44
14 20 5 13
4 0 86 174
15 7 70 140
4 1 22 42
15 6 25 49
4 2 28 58
15 5 14 30
4 3 38 78
4 4 9 21
4 5 18 39
4 6 9 20
13 22 34 66
4 8 14 26
4 9 30 58
13 20 62 122
13 21 13 27
5 12 28 56
5 13 36 74
5 14 31 62
5 15 8 16
5 16 52 105
5 19 8 15
14 9 31 62
19 12 3 4
19 11 4 6
19 14 1 5
19 13 33 67
5 10 11 23
5 11 12 27
14 8 45 91
14 6 15 28
14 5 4 6
3 6 15 30
3 8 24 49
18 18 23 45
18 14 12 26
18 15 14 30
18 16 5 9
18 17 1 5
18 10 31 60
18 11 6 11
18 12 46 93
0 11 27 55
18 13 55 110
13 11 2 4
13 12 62 127
13 10 5 13
13 15 49 97
13 16 21 45
13 13 131 260
13 14 111 225
13 19 26 53
13 9 51 100
13 8 77 155
13 17 4 10
13 18 20 41
13 6 25 53
2 6 7 15
13 4 4 6
2 7 23 44
2 8 20 38
6 14 15 30
6 13 1 2
12 11 50 99
6 16 19 37
12 10 18 38
6 15 33 65
12 13 78 159
12 12 186 374
6 17 21 42
12 15 14 31
12 14 24 50
6 10 5 9
6 12 28 58
6 11 24 46
12 17 4 7
12 16 21 42
12 19 47 92
12 18 12 24
24 6 9 16
24 5 5 11
12 20 4 11
12 22 3 7
12 21 14 29
1 10 22 46
1 11 18 37
12 9 66 130
12 8 35 71
12 7 9 18
1 7 4 10
1 8 16 33
12 4 8 18
9 4 20 42
11 21 40 83
9 5 35 72
11 20 29 60
11 23 14 30
11 22 12 27
9 8 55 109
9 9 10 23
23 9 5 10
23 8 13 24
23 6 24 47
23 5 15 28
7 15 74 146
17 18 45 92
7 14 63 126
17 19 22 44
7 17 17 36
19 9 2 4
7 16 16 34
19 8 13 24
17 13 78 158
17 14 52 104
19 6 3 4
17 15 34 66
17 16 3 9
17 10 12 25
17 11 1 2
17 12 74 148
7 11 4 10
7 10 36 72
7 13 37 73
7 12 16 34
11 3 7 12
19 2 3 7
11 9 24 48
19 1 14 27
11 8 32 63
19 0 4 9
11 7 13 27
0 8 5 13
11 6 4 11
0 9 1 1
11 5 1 1
11 4 20 40
16 15 35 72
8 4 5 12
16 14 80 162
8 5 5 13
16 13 70 142
16 12 52 105
16 19 23 45
8 8 73 149
16 18 59 121
8 9 58 118
16 17 22 46
16 16 35 70
2 14 8 14
16 11 15 30
16 10 14 29
2 11 19 39
2 10 7 15
22 3 11 22
22 2 15 30
22 1 21 45
22 0 16 32
22 14 3 9
22 13 7 16
22 8 10 19
22 7 10 22
22 6 4 10
22 5 17 37
22 4 11 22
11 12 92 184
18 8 23 44
11 11 5 9
11 14 60 123
11 13 77 156
18 5 19 40
16 21 10 22
16 20 42 86
10 3 16 31
10 4 16 33
11 16 28 52
18 4 17 32
11 15 84 164
18 3 6 7
11 18 18 35
10 9 74 148
11 17 1 5
10 7 24 50
7 1 13 28
11 19 22 45
10 8 55 111
7 2 81 165
10 5 18 34
7 3 17 36
10 6 22 42
7 4 14 31
0 0 0 0
0 1 0 0
0 2 0 0
0 3 0 0
0 4 0 0
0 5 0 0
0 6 0 0
0 7 0 0
0 10 0 0
0 12 0 0
0 13 0 0
0 14 0 0
0 15 0 0
0 16 0 0
0 17 0 0
0 18 0 0
0 19 0 0
0 20 0 0
0 21 0 0
0 22 0 0
0 23 0 0
1 0 0 0
1 1 0 0
1 2 0 0
1 3 0 0
1 4 0 0
1 5 0 0
1 6 0 0
1 9 0 0
1 12 0 0
1 13 0 0
1 14 0 0
1 15 0 0
1 16 0 0
1 17 0 0
1 18 0 0
1 19 0 0
1 20 0 0
1 21 0 0
1 22 0 0
1 23 0 0
2 0 0 0
2 1 0 0
2 2 0 0
2 3 0 0
2 4 0 0
2 5 0 0
2 9 0 0
2 12 0 0
2 13 0 0
2 15 0 0
2 16 0 0
2 17 0 0
2 18 0 0
2 19 0 0
2 20 0 0
2 21 0 0
2 22 0 0
2 23 0 0
3 0 0 0
3 1 0 0
3 2 0 0
3 3 0 0
3 4 0 0
3 5 0 0
3 7 0 0
3 9 0 0
3 15 0 0
3 17 0 0
3 18 0 0
3 19 0 0
3 20 0 0
3 21 0 0
3 22 0 0
3 23 0 0
4 7 0 0
4 13 0 0
4 15 0 0
4 17 0 0
4 18 0 0
4 19 0 0
4 20 0 0
4 21 0 0
4 22 0 0
4 23 0 0
5 0 0 0
5 1 0 0
5 5 0 0
5 17 0 0
5 18 0 0
5 20 0 0
5 21 0 0
5 22 0 0
5 23 0 0
6 0 0 0
6 3 0 0
6 4 0 0
6 18 0 0
6 19 0 0
6 20 0 0
6 21 0 0
6 22 0 0
6 23 0 0
7 0 0 0
7 18 0 0
7 19 0 0
7 20 0 0
7 21 0 0
7 22 0 0
7 23 0 0
8 0 0 0
8 1 0 0
8 2 0 0
8 3 0 0
8 6 0 0
8 7 0 0
8 19 0 0
8 21 0 0
8 22 0 0
8 23 0 0
9 0 0 0
9 1 0 0
9 2 0 0
9 3 0 0
9 6 0 0
9 7 0 0
9 23 0 0
10 0 0 0
10 1 0 0
10 2 0 0
10 23 0 0
11 0 0 0
11 1 0 0
11 2 0 0
11 10 0 0
12 0 0 0
12 1 0 0
12 2 0 0
12 3 0 0
12 5 0 0
12 6 0 0
12 23 0 0
13 0 0 0
13 1 0 0
13 2 0 0
13 3 0 0
13 5 0 0
13 7 0 0
13 23 0 0
14 0 0 0
14 1 0 0
14 2 0 0
14 3 0 0
14 4 0 0
14 7 0 0
14 22 0 0
14 23 0 0
15 0 0 0
15 1 0 0
15 2 0 0
15 3 0 0
15 4 0 0
15 22 0 0
15 23 0 0
16 0 0 0
16 4 0 0
16 22 0 0
16 23 0 0
17 0 0 0
17 1 0 0
17 2 0 0
17 9 0 0
17 17 0 0
17 20 0 0
17 21 0 0
17 22 0 0
17 23 0 0
18 0 0 0
18 1 0 0
18 2 0 0
18 6 0 0
18 7 0 0
18 9 0 0
18 19 0 0
18 20 0 0
18 21 0 0
18 22 0 0
18 23 0 0
19 3 0 0
19 4 0 0
19 5 0 0
19 7 0 0
19 10 0 0
19 15 0 0
19 16 0 0
19 17 0 0
19 18 0 0
19 19 0 0
19 20 0 0
19 21 0 0
19 22 0 0
19 23 0 0
20 5 0 0
20 6 0 0
20 11 0 0
20 12 0 0
20 17 0 0
20 18 0 0
20 19 0 0
20 20 0 0
20 21 0 0
20 22 0 0
20 23 0 0
21 1 0 0
21 8 0 0
21 9 0 0
21 10 0 0
21 11 0 0
21 16 0 0
21 17 0 0
21 18 0 0
21 19 0 0
21 20 0 0
21 21 0 0
21 22 0 0
21 23 0 0
22 9 0 0
22 10 0 0
22 11 0 0
22 12 0 0
22 15 0 0
22 16 0 0
22 17 0 0
22 18 0 0
22 19 0 0
22 20 0 0
22 21 0 0
22 22 0 0
22 23 0 0
23 0 0 0
23 1 0 0
23 2 0 0
23 3 0 0
23 4 0 0
23 7 0 0
23 10 0 0
23 11 0 0
23 12 0 0
23 13 0 0
23 14 0 0
23 15 0 0
23 16 0 0
23 17 0 0
23 18 0 0
23 19 0 0
23 20 0 0
23 21 0 0
23 22 0 0
23 23 0 0
24 0 0 0
24 1 0 0
24 2 0 0
24 3 0 0
24 4 0 0
24 7 0 0
24 8 0 0
24 9 0 0
24 10 0 0
24 11 0 0
24 12 0 0
24 13 0 0
24 14 0 0
24 15 0 0
24 16 0 0
24 17 0 0
24 18 0 0
24 19 0 0
24 20 0 0
24 21 0 0
24 22 0 0
24 23 0 0