0 0 0 47
0 1 20 0
0 2 0 13
0 3 26 0
0 4 0 17
0 5 34 0
0 6 0 75
0 7 6 0
0 8 0 15
0 9 31 0
0 10 0 39
0 11 31 0
0 12 0 29
0 13 9 0
0 14 0 47
0 15 12 0
0 16 0 51
0 17 29 0
0 18 0 43
0 19 33 0
1 0 0 26
1 1 23 0
1 2 0 1
1 3 27 0
1 4 0 38
1 5 15 0
1 6 0 68
1 7 26 0
1 8 0 28
1 9 12 0
1 10 0 33
1 11 0 0
1 12 0 22
1 13 31 0
1 14 0 9
1 15 27 0
1 16 0 61
1 17 29 0
1 18 0 1
1 19 9 0
2 0 0 37
2 1 30 0
2 2 0 73
2 3 20 0
2 4 0 75
2 5 12 0
2 6 0 78
2 7 41 0
2 8 0 20
2 9 19 0
2 10 0 9
2 11 11 0
2 12 0 4
2 13 32 0
2 14 0 42
2 15 32 0
2 16 0 23
2 17 17 0
2 18 0 58
2 19 0 0
3 0 0 7
3 1 33 0
3 2 0 59
3 3 31 0
3 4 0 9
3 5 33 0
3 6 0 25
3 7 2 0
3 8 0 22
3 9 30 0
3 10 0 42
3 11 1 0
3 12 0 13
3 13 7 0
3 14 0 67
3 15 7 0
3 16 0 74
3 17 34 0
3 18 0 53
3 19 21 0
4 0 0 6
4 1 26 0
4 2 0 62
4 3 35 0
4 4 0 38
4 5 30 0
4 6 0 6
4 7 28 0
4 8 0 73
4 9 32 0
4 10 0 66
4 11 34 0
4 12 0 52
4 13 38 0
4 14 0 74
4 15 27 0
4 16 0 63
4 17 28 0
4 18 0 12
4 19 26 0
5 0 0 61
5 1 4 0
5 2 0 58
5 3 40 0
5 4 0 77
5 5 19 0
5 6 0 37
5 7 12 0
5 8 0 66
5 9 37 0
5 10 0 74
5 11 20 0
5 12 0 72
5 13 22 0
5 14 0 15
5 15 6 0
5 16 0 19
5 17 5 0
5 18 0 42
5 19 22 0
6 0 0 67
6 1 16 0
6 2 0 49
6 3 16 0
6 4 0 30
6 5 25 0
6 6 0 7
6 7 40 0
6 8 0 43
6 9 21 0
6 10 0 53
6 11 8 0
6 12 0 24
6 13 38 0
6 14 0 71
6 15 25 0
6 16 0 2
6 17 34 0
6 18 0 76
6 19 1 0
7 0 0 75
7 1 29 0
7 2 0 28
7 3 34 0
7 4 0 3
7 5 15 0
7 6 0 41
7 7 3 0
7 8 0 80
7 9 20 0
7 10 0 31
7 11 8 0
7 12 0 80
7 13 1 0
7 14 0 62
7 15 32 0
7 16 0 25
7 17 7 0
7 18 0 32
7 19 14 0
8 0 0 67
8 1 38 0
8 2 0 66
8 3 14 0
8 4 0 73
8 5 22 0
8 6 0 24
8 7 21 0
8 8 0 53
8 9 26 0
8 10 0 3
8 11 13 0
8 12 0 14
8 13 8 0
8 14 0 33
8 15 33 0
8 16 0 75
8 17 31 0
8 18 0 34
8 19 10 0
9 0 0 78
9 1 27 0
9 2 0 39
9 3 3 0
9 4 0 8
9 5 28 0
9 6 0 60
9 7 5 0
9 8 0 19
9 9 15 0
9 10 0 47
9 11 2 0
9 12 0 63
9 13 10 0
9 14 0 53
9 15 38 0
9 16 0 56
9 17 28 0
9 18 0 5
9 19 2 0
10 0 0 66
10 1 22 0
10 2 0 75
10 3 37 0
10 4 0 52
10 5 33 0
10 6 0 28
10 7 6 0
10 8 0 57
10 9 38 0
10 10 0 37
10 11 16 0
10 12 0 68
10 13 32 0
10 14 0 16
10 15 25 0
10 16 0 41
10 17 1 0
10 18 0 66
10 19 2 0
11 0 0 29
11 1 35 0
11 2 0 64
11 3 38 0
11 4 0 68
11 5 38 0
11 6 0 15
11 7 29 0
11 8 0 17
11 9 23 0
11 10 0 22
11 11 26 0
11 12 0 11
11 13 21 0
11 14 0 10
11 15 19 0
11 16 0 1
11 17 8 0
11 18 0 80
11 19 40 0
12 0 0 77
12 1 5 0
12 2 0 25
12 3 11 0
12 4 0 19
12 5 4 0
12 6 0 43
12 7 8 0
12 8 0 75
12 9 5 0
12 10 0 66
12 11 29 0
12 12 0 72
12 13 7 0
12 14 0 9
12 15 35 0
12 16 0 54
12 17 36 0
12 18 0 3
12 19 6 0
13 0 0 34
13 1 18 0
13 2 0 1
13 3 34 0
13 4 0 71
13 5 15 0
13 6 0 52
13 7 25 0
13 8 0 18
13 9 1 0
13 10 0 45
13 11 13 0
13 12 0 69
13 13 40 0
13 14 0 40
13 15 27 0
13 16 0 36
13 17 24 0
13 18 0 69
13 19 22 0
14 0 0 55
14 1 34 0
14 2 0 34
14 3 39 0
14 4 0 64
14 5 36 0
14 6 0 60
14 7 8 0
14 8 0 14
14 9 38 0
14 10 0 0
14 11 17 0
14 12 0 38
14 13 21 0
14 14 0 78
14 15 7 0
14 16 0 19
14 17 38 0
14 18 0 1
14 19 26 0
15 0 0 28
15 1 35 0
15 2 0 73
15 3 39 0
15 4 0 62
15 5 21 0
15 6 0 26
15 7 14 0
15 8 0 55
15 9 18 0
15 10 0 60
15 11 39 0
15 12 0 72
15 13 40 0
15 14 0 57
15 15 19 0
15 16 0 23
15 17 26 0
15 18 0 30
15 19 29 0
16 0 0 33
16 1 17 0
16 2 0 55
16 3 40 0
16 4 0 41
16 5 28 0
16 6 0 81
16 7 11 0
16 8 0 51
16 9 41 0
16 10 0 34
16 11 21 0
16 12 0 55
16 13 17 0
16 14 0 21
16 15 6 0
16 16 0 7
16 17 23 0
16 18 0 58
16 19 0 0
17 0 0 32
17 1 35 0
17 2 0 81
17 3 39 0
17 4 0 6
17 5 19 0
17 6 0 25
17 7 13 0
17 8 0 80
17 9 7 0
17 10 0 45
17 11 14 0
17 12 0 53
17 13 24 0
17 14 0 41
17 15 24 0
17 16 0 21
17 17 40 0
17 18 0 1
17 19 20 0
18 0 0 41
18 1 31 0
18 2 0 0
18 3 22 0
18 4 0 43
18 5 3 0
18 6 0 38
18 7 32 0
18 8 0 46
18 9 7 0
18 10 0 46
18 11 13 0
18 12 0 36
18 13 41 0
18 14 0 32
18 15 3 0
18 16 0 64
18 17 37 0
18 18 0 9
18 19 35 0
19 0 0 38
19 1 3 0
19 2 0 20
19 3 2 0
19 4 0 14
19 5 31 0
19 6 0 55
19 7 3 0
19 8 0 9
19 9 34 0
19 10 0 24
19 11 9 0
19 12 0 54
19 13 26 0
19 14 0 43
19 15 11 0
19 16 0 81
19 17 27 0
19 18 0 62
19 19 33 0