0 0 0 6
0 1 3 0
0 2 0 2
0 3 1 0
0 4 0 5
0 5 3 0
0 6 0 2
0 7 0 0
0 8 0 4
0 9 3 0
0 10 0 6
0 11 0 0
0 12 0 9
0 13 3 0
0 14 0 3
0 15 1 0
0 16 0 9
0 17 2 0
0 18 0 4
0 19 2 0
0 20 0 7
0 21 2 0
0 22 0 1
0 23 0 0
0 24 0 8
0 25 1 0
0 26 0 4
0 27 3 0
0 28 0 4
0 29 3 0
0 30 0 5
0 31 1 0
0 32 0 7
0 33 2 0
0 34 0 4
0 35 0 0
0 36 0 3
0 37 0 0
0 38 0 3
0 39 1 0
0 40 0 8
0 41 1 0
0 42 0 6
0 43 0 0
0 44 0 1
0 45 3 0
0 46 0 0
0 47 1 0
0 48 0 2
0 49 3 0
0 50 0 4
0 51 2 0
0 52 0 9
0 53 3 0
0 54 0 2
0 55 2 0
0 56 0 0
0 57 2 0
0 58 0 7
0 59 0 0
1 0 0 6
1 1 1 0
1 2 0 7
1 3 1 0
1 4 0 0
1 5 2 0
1 6 0 1
1 7 2 0
1 8 0 5
1 9 0 0
1 10 0 2
1 11 0 0
1 12 0 0
1 13 1 0
1 14 0 3
1 15 2 0
1 16 0 5
1 17 0 0
1 18 0 4
1 19 3 0
1 20 0 3
1 21 3 0
1 22 0 2
1 23 1 0
1 24 0 8
1 25 1 0
1 26 0 2
1 27 2 0
1 28 0 4
1 29 1 0
1 30 0 2
1 31 3 0
1 32 0 5
1 33 2 0
1 34 0 9
1 35 0 0
1 36 0 2
1 37 1 0
1 38 0 8
1 39 2 0
1 40 0 0
1 41 2 0
1 42 0 2
1 43 2 0
1 44 0 6
1 45 3 0
1 46 0 3
1 47 2 0
1 48 0 1
1 49 0 0
1 50 0 2
1 51 3 0
1 52 0 7
1 53 1 0
1 54 0 9
1 55 2 0
1 56 0 7
1 57 3 0
1 58 0 9
1 59 1 0
2 0 0 6
2 1 3 0
2 2 0 0
2 3 0 0
2 4 0 2
2 5 1 0
2 6 0 1
2 7 2 0
2 8 0 8
2 9 2 0
2 10 0 9
2 11 0 0
2 12 0 8
2 13 3 0
2 14 0 3
2 15 1 0
2 16 0 1
2 17 0 0
2 18 0 4
2 19 1 0
2 20 0 2
2 21 1 0
2 22 0 5
2 23 1 0
2 24 0 2
2 25 1 0
2 26 0 4
2 27 1 0
2 28 0 5
2 29 2 0
2 30 0 4
2 31 2 0
2 32 0 6
2 33 2 0
2 34 0 5
2 35 0 0
2 36 0 1
2 37 2 0
2 38 0 3
2 39 1 0
2 40 0 0
2 41 1 0
2 42 0 4
2 43 0 0
2 44 0 8
2 45 1 0
2 46 0 1
2 47 3 0
2 48 0 0
2 49 2 0
2 50 0 5
2 51 2 0
2 52 0 6
2 53 2 0
2 54 0 7
2 55 2 0
2 56 0 2
2 57 3 0
2 58 0 4
2 59 2 0
3 0 0 4
3 1 0 0
3 2 0 4
3 3 1 0
3 4 0 1
3 5 0 0
3 6 0 9
3 7 2 0
3 8 0 5
3 9 1 0
3 10 0 7
3 11 3 0
3 12 0 0
3 13 3 0
3 14 0 8
3 15 3 0
3 16 0 8
3 17 2 0
3 18 0 3
3 19 0 0
3 20 0 5
3 21 3 0
3 22 0 5
3 23 1 0
3 24 0 8
3 25 0 0
3 26 0 2
3 27 1 0
3 28 0 3
3 29 0 0
3 30 0 2
3 31 2 0
3 32 0 0
3 33 0 0
3 34 0 1
3 35 3 0
3 36 0 5
3 37 0 0
3 38 0 3
3 39 2 0
3 40 0 0
3 41 2 0
3 42 0 4
3 43 3 0
3 44 0 7
3 45 2 0
3 46 0 0
3 47 3 0
3 48 0 0
3 49 1 0
3 50 0 7
3 51 2 0
3 52 0 6
3 53 3 0
3 54 0 0
3 55 2 0
3 56 0 3
3 57 0 0
3 58 0 5
3 59 2 0
4 0 0 6
4 1 3 0
4 2 0 5
4 3 0 0
4 4 0 0
4 5 2 0
4 6 0 4
4 7 2 0
4 8 0 1
4 9 3 0
4 10 0 8
4 11 1 0
4 12 0 4
4 13 2 0
4 14 0 4
4 15 1 0
4 16 0 0
4 17 0 0
4 18 0 2
4 19 2 0
4 20 0 2
4 21 2 0
4 22 0 2
4 23 3 0
4 24 0 6
4 25 0 0
4 26 0 9
4 27 2 0
4 28 0 5
4 29 3 0
4 30 0 5
4 31 1 0
4 32 0 4
4 33 0 0
4 34 0 1
4 35 0 0
4 36 0 8
4 37 2 0
4 38 0 3
4 39 0 0
4 40 0 3
4 41 0 0
4 42 0 0
4 43 1 0
4 44 0 4
4 45 0 0
4 46 0 2
4 47 2 0
4 48 0 5
4 49 1 0
4 50 0 4
4 51 0 0
4 52 0 2
4 53 2 0
4 54 0 3
4 55 2 0
4 56 0 0
4 57 0 0
4 58 0 6
4 59 0 0
5 0 0 4
5 1 0 0
5 2 0 2
5 3 3 0
5 4 0 3
5 5 3 0
5 6 0 1
5 7 2 0
5 8 0 7
5 9 1 0
5 10 0 8
5 11 1 0
5 12 0 1
5 13 2 0
5 14 0 7
5 15 0 0
5 16 0 3
5 17 0 0
5 18 0 2
5 19 0 0
5 20 0 4
5 21 3 0
5 22 0 5
5 23 3 0
5 24 0 4
5 25 0 0
5 26 0 7
5 27 3 0
5 28 0 4
5 29 2 0
5 30 0 5
5 31 0 0
5 32 0 3
5 33 0 0
5 34 0 4
5 35 3 0
5 36 0 0
5 37 1 0
5 38 0 4
5 39 3 0
5 40 0 8
5 41 2 0
5 42 0 0
5 43 3 0
5 44 0 1
5 45 0 0
5 46 0 2
5 47 2 0
5 48 0 3
5 49 3 0
5 50 0 0
5 51 1 0
5 52 0 6
5 53 0 0
5 54 0 6
5 55 1 0
5 56 0 3
5 57 0 0
5 58 0 1
5 59 3 0
6 0 0 1
6 1 3 0
6 2 0 0
6 3 2 0
6 4 0 8
6 5 1 0
6 6 0 8
6 7 1 0
6 8 0 3
6 9 1 0
6 10 0 8
6 11 2 0
6 12 0 3
6 13 1 0
6 14 0 6
6 15 0 0
6 16 0 1
6 17 3 0
6 18 0 1
6 19 1 0
6 20 0 6
6 21 0 0
6 22 0 8
6 23 1 0
6 24 0 7
6 25 3 0
6 26 0 8
6 27 1 0
6 28 0 1
6 29 2 0
6 30 0 6
6 31 1 0
6 32 0 7
6 33 1 0
6 34 0 1
6 35 3 0
6 36 0 3
6 37 1 0
6 38 0 3
6 39 1 0
6 40 0 4
6 41 3 0
6 42 0 3
6 43 3 0
6 44 0 2
6 45 2 0
6 46 0 9
6 47 3 0
6 48 0 7
6 49 1 0
6 50 0 1
6 51 3 0
6 52 0 9
6 53 3 0
6 54 0 2
6 55 2 0
6 56 0 0
6 57 0 0
6 58 0 4
6 59 3 0
7 0 0 7
7 1 2 0
7 2 0 5
7 3 1 0
7 4 0 8
7 5 2 0
7 6 0 4
7 7 1 0
7 8 0 8
7 9 3 0
7 10 0 9
7 11 0 0
7 12 0 4
7 13 3 0
7 14 0 8
7 15 2 0
7 16 0 2
7 17 2 0
7 18 0 4
7 19 0 0
7 20 0 0
7 21 1 0
7 22 0 5
7 23 3 0
7 24 0 1
7 25 0 0
7 26 0 8
7 27 2 0
7 28 0 0
7 29 0 0
7 30 0 5
7 31 0 0
7 32 0 9
7 33 1 0
7 34 0 8
7 35 3 0
7 36 0 9
7 37 1 0
7 38 0 8
7 39 3 0
7 40 0 5
7 41 0 0
7 42 0 4
7 43 1 0
7 44 0 8
7 45 2 0
7 46 0 3
7 47 0 0
7 48 0 0
7 49 0 0
7 50 0 6
7 51 3 0
7 52 0 4
7 53 3 0
7 54 0 8
7 55 1 0
7 56 0 0
7 57 3 0
7 58 0 5
7 59 0 0
8 0 0 7
8 1 1 0
8 2 0 4
8 3 3 0
8 4 0 7
8 5 2 0
8 6 0 1
8 7 0 0
8 8 0 5
8 9 2 0
8 10 0 1
8 11 2 0
8 12 0 4
8 13 2 0
8 14 0 7
8 15 0 0
8 16 0 1
8 17 3 0
8 18 0 4
8 19 0 0
8 20 0 1
8 21 0 0
8 22 0 0
8 23 1 0
8 24 0 0
8 25 3 0
8 26 0 9
8 27 1 0
8 28 0 5
8 29 1 0
8 30 0 3
8 31 0 0
8 32 0 1
8 33 1 0
8 34 0 9
8 35 0 0
8 36 0 3
8 37 2 0
8 38 0 3
8 39 3 0
8 40 0 0
8 41 2 0
8 42 0 1
8 43 0 0
8 44 0 4
8 45 3 0
8 46 0 5
8 47 1 0
8 48 0 9
8 49 2 0
8 50 0 7
8 51 2 0
8 52 0 6
8 53 3 0
8 54 0 2
8 55 1 0
8 56 0 3
8 57 2 0
8 58 0 1
8 59 0 0
9 0 0 2
9 1 1 0
9 2 0 7
9 3 3 0
9 4 0 9
9 5 0 0
9 6 0 7
9 7 3 0
9 8 0 1
9 9 3 0
9 10 0 6
9 11 0 0
9 12 0 0
9 13 0 0
9 14 0 5
9 15 3 0
9 16 0 7
9 17 2 0
9 18 0 6
9 19 1 0
9 20 0 2
9 21 3 0
9 22 0 2
9 23 2 0
9 24 0 6
9 25 3 0
9 26 0 5
9 27 3 0
9 28 0 3
9 29 3 0
9 30 0 9
9 31 1 0
9 32 0 1
9 33 3 0
9 34 0 3
9 35 3 0
9 36 0 2
9 37 0 0
9 38 0 4
9 39 0 0
9 40 0 9
9 41 3 0
9 42 0 5
9 43 3 0
9 44 0 0
9 45 0 0
9 46 0 2
9 47 1 0
9 48 0 4
9 49 0 0
9 50 0 2
9 51 3 0
9 52 0 2
9 53 3 0
9 54 0 5
9 55 1 0
9 56 0 4
9 57 2 0
9 58 0 5
9 59 3 0
10 0 0 4
10 1 2 0
10 2 0 9
10 3 0 0
10 4 0 9
10 5 0 0
10 6 0 5
10 7 2 0
10 8 0 6
10 9 3 0
10 10 0 8
10 11 0 0
10 12 0 8
10 13 1 0
10 14 0 1
10 15 1 0
10 16 0 5
10 17 2 0
10 18 0 8
10 19 2 0
10 20 0 6
10 21 3 0
10 22 0 8
10 23 3 0
10 24 0 8
10 25 1 0
10 26 0 3
10 27 2 0
10 28 0 2
10 29 3 0
10 30 0 6
10 31 2 0
10 32 0 6
10 33 0 0
10 34 0 7
10 35 2 0
10 36 0 7
10 37 2 0
10 38 0 3
10 39 0 0
10 40 0 3
10 41 0 0
10 42 0 4
10 43 2 0
10 44 0 2
10 45 1 0
10 46 0 6
10 47 0 0
10 48 0 9
10 49 3 0
10 50 0 4
10 51 0 0
10 52 0 3
10 53 1 0
10 54 0 5
10 55 1 0
10 56 0 5
10 57 1 0
10 58 0 6
10 59 1 0
11 0 0 2
11 1 3 0
11 2 0 1
11 3 3 0
11 4 0 6
11 5 3 0
11 6 0 6
11 7 2 0
11 8 0 0
11 9 3 0
11 10 0 9
11 11 3 0
11 12 0 0
11 13 3 0
11 14 0 9
11 15 3 0
11 16 0 7
11 17 0 0
11 18 0 2
11 19 2 0
11 20 0 0
11 21 2 0
11 22 0 5
11 23 1 0
11 24 0 5
11 25 1 0
11 26 0 9
11 27 2 0
11 28 0 1
11 29 3 0
11 30 0 1
11 31 3 0
11 32 0 5
11 33 0 0
11 34 0 9
11 35 2 0
11 36 0 3
11 37 1 0
11 38 0 7
11 39 3 0
11 40 0 7
11 41 3 0
11 42 0 1
11 43 1 0
11 44 0 5
11 45 1 0
11 46 0 3
11 47 1 0
11 48 0 8
11 49 1 0
11 50 0 2
11 51 3 0
11 52 0 1
11 53 3 0
11 54 0 1
11 55 0 0
11 56 0 5
11 57 0 0
11 58 0 2
11 59 1 0
12 0 0 1
12 1 0 0
12 2 0 9
12 3 2 0
12 4 0 6
12 5 0 0
12 6 0 2
12 7 0 0
12 8 0 3
12 9 2 0
12 10 0 8
12 11 0 0
12 12 0 7
12 13 0 0
12 14 0 6
12 15 1 0
12 16 0 8
12 17 1 0
12 18 0 6
12 19 2 0
12 20 0 0
12 21 0 0
12 22 0 8
12 23 1 0
12 24 0 7
12 25 2 0
12 26 0 8
12 27 2 0
12 28 0 1
12 29 0 0
12 30 0 9
12 31 2 0
12 32 0 1
12 33 3 0
12 34 0 8
12 35 0 0
12 36 0 1
12 37 3 0
12 38 0 5
12 39 3 0
12 40 0 5
12 41 0 0
12 42 0 1
12 43 2 0
12 44 0 7
12 45 0 0
12 46 0 8
12 47 3 0
12 48 0 1
12 49 3 0
12 50 0 1
12 51 1 0
12 52 0 5
12 53 1 0
12 54 0 3
12 55 2 0
12 56 0 4
12 57 0 0
12 58 0 6
12 59 1 0
13 0 0 7
13 1 3 0
13 2 0 1
13 3 1 0
13 4 0 7
13 5 0 0
13 6 0 8
13 7 0 0
13 8 0 8
13 9 3 0
13 10 0 4
13 11 1 0
13 12 0 6
13 13 1 0
13 14 0 5
13 15 3 0
13 16 0 7
13 17 2 0
13 18 0 4
13 19 0 0
13 20 0 6
13 21 3 0
13 22 0 9
13 23 2 0
13 24 0 0
13 25 1 0
13 26 0 8
13 27 1 0
13 28 0 6
13 29 3 0
13 30 0 0
13 31 3 0
13 32 0 9
13 33 0 0
13 34 0 6
13 35 3 0
13 36 0 8
13 37 3 0
13 38 0 7
13 39 3 0
13 40 0 6
13 41 2 0
13 42 0 1
13 43 1 0
13 44 0 2
13 45 0 0
13 46 0 2
13 47 2 0
13 48 0 4
13 49 2 0
13 50 0 0
13 51 2 0
13 52 0 9
13 53 1 0
13 54 0 2
13 55 2 0
13 56 0 6
13 57 2 0
13 58 0 6
13 59 2 0
14 0 0 0
14 1 1 0
14 2 0 3
14 3 3 0
14 4 0 3
14 5 3 0
14 6 0 0
14 7 3 0
14 8 0 9
14 9 1 0
14 10 0 8
14 11 3 0
14 12 0 0
14 13 3 0
14 14 0 5
14 15 0 0
14 16 0 1
14 17 1 0
14 18 0 3
14 19 3 0
14 20 0 6
14 21 1 0
14 22 0 2
14 23 3 0
14 24 0 3
14 25 2 0
14 26 0 2
14 27 3 0
14 28 0 3
14 29 2 0
14 30 0 0
14 31 2 0
14 32 0 9
14 33 2 0
14 34 0 7
14 35 2 0
14 36 0 7
14 37 1 0
14 38 0 6
14 39 1 0
14 40 0 5
14 41 1 0
14 42 0 4
14 43 2 0
14 44 0 6
14 45 2 0
14 46 0 7
14 47 1 0
14 48 0 3
14 49 0 0
14 50 0 5
14 51 3 0
14 52 0 3
14 53 1 0
14 54 0 8
14 55 3 0
14 56 0 1
14 57 1 0
14 58 0 2
14 59 0 0
15 0 0 9
15 1 1 0
15 2 0 1
15 3 0 0
15 4 0 7
15 5 0 0
15 6 0 3
15 7 2 0
15 8 0 2
15 9 1 0
15 10 0 9
15 11 1 0
15 12 0 4
15 13 3 0
15 14 0 2
15 15 3 0
15 16 0 2
15 17 3 0
15 18 0 4
15 19 0 0
15 20 0 5
15 21 2 0
15 22 0 4
15 23 0 0
15 24 0 0
15 25 0 0
15 26 0 8
15 27 0 0
15 28 0 9
15 29 2 0
15 30 0 1
15 31 2 0
15 32 0 2
15 33 1 0
15 34 0 2
15 35 0 0
15 36 0 4
15 37 1 0
15 38 0 9
15 39 1 0
15 40 0 6
15 41 3 0
15 42 0 9
15 43 0 0
15 44 0 2
15 45 3 0
15 46 0 2
15 47 3 0
15 48 0 5
15 49 3 0
15 50 0 9
15 51 1 0
15 52 0 2
15 53 2 0
15 54 0 2
15 55 0 0
15 56 0 0
15 57 1 0
15 58 0 6
15 59 0 0
16 0 0 7
16 1 2 0
16 2 0 1
16 3 2 0
16 4 0 7
16 5 0 0
16 6 0 3
16 7 2 0
16 8 0 1
16 9 0 0
16 10 0 1
16 11 2 0
16 12 0 6
16 13 3 0
16 14 0 4
16 15 1 0
16 16 0 3
16 17 2 0
16 18 0 0
16 19 0 0
16 20 0 2
16 21 1 0
16 22 0 9
16 23 0 0
16 24 0 5
16 25 0 0
16 26 0 0
16 27 2 0
16 28 0 7
16 29 1 0
16 30 0 3
16 31 2 0
16 32 0 4
16 33 0 0
16 34 0 7
16 35 1 0
16 36 0 9
16 37 1 0
16 38 0 2
16 39 3 0
16 40 0 5
16 41 2 0
16 42 0 0
16 43 1 0
16 44 0 7
16 45 2 0
16 46 0 3
16 47 0 0
16 48 0 6
16 49 3 0
16 50 0 3
16 51 0 0
16 52 0 1
16 53 1 0
16 54 0 7
16 55 2 0
16 56 0 8
16 57 1 0
16 58 0 9
16 59 3 0
17 0 0 9
17 1 3 0
17 2 0 5
17 3 2 0
17 4 0 0
17 5 0 0
17 6 0 5
17 7 2 0
17 8 0 0
17 9 0 0
17 10 0 4
17 11 2 0
17 12 0 8
17 13 1 0
17 14 0 3
17 15 3 0
17 16 0 3
17 17 3 0
17 18 0 5
17 19 1 0
17 20 0 8
17 21 2 0
17 22 0 9
17 23 2 0
17 24 0 8
17 25 3 0
17 26 0 9
17 27 2 0
17 28 0 1
17 29 3 0
17 30 0 5
17 31 2 0
17 32 0 7
17 33 3 0
17 34 0 1
17 35 1 0
17 36 0 0
17 37 2 0
17 38 0 3
17 39 1 0
17 40 0 5
17 41 2 0
17 42 0 7
17 43 3 0
17 44 0 0
17 45 3 0
17 46 0 5
17 47 3 0
17 48 0 2
17 49 2 0
17 50 0 8
17 51 1 0
17 52 0 3
17 53 3 0
17 54 0 9
17 55 3 0
17 56 0 8
17 57 0 0
17 58 0 0
17 59 0 0
18 0 0 3
18 1 0 0
18 2 0 6
18 3 3 0
18 4 0 0
18 5 1 0
18 6 0 5
18 7 1 0
18 8 0 9
18 9 2 0
18 10 0 6
18 11 3 0
18 12 0 8
18 13 2 0
18 14 0 2
18 15 2 0
18 16 0 2
18 17 3 0
18 18 0 8
18 19 1 0
18 20 0 9
18 21 3 0
18 22 0 0
18 23 3 0
18 24 0 9
18 25 3 0
18 26 0 2
18 27 2 0
18 28 0 2
18 29 3 0
18 30 0 2
18 31 0 0
18 32 0 6
18 33 3 0
18 34 0 5
18 35 2 0
18 36 0 2
18 37 1 0
18 38 0 1
18 39 0 0
18 40 0 9
18 41 1 0
18 42 0 3
18 43 3 0
18 44 0 7
18 45 0 0
18 46 0 0
18 47 3 0
18 48 0 1
18 49 1 0
18 50 0 6
18 51 1 0
18 52 0 8
18 53 3 0
18 54 0 8
18 55 3 0
18 56 0 3
18 57 1 0
18 58 0 4
18 59 2 0
19 0 0 4
19 1 0 0
19 2 0 3
19 3 3 0
19 4 0 5
19 5 1 0
19 6 0 7
19 7 3 0
19 8 0 6
19 9 0 0
19 10 0 1
19 11 2 0
19 12 0 4
19 13 2 0
19 14 0 8
19 15 1 0
19 16 0 4
19 17 0 0
19 18 0 1
19 19 3 0
19 20 0 1
19 21 2 0
19 22 0 9
19 23 0 0
19 24 0 8
19 25 1 0
19 26 0 5
19 27 1 0
19 28 0 8
19 29 1 0
19 30 0 9
19 31 2 0
19 32 0 2
19 33 3 0
19 34 0 4
19 35 0 0
19 36 0 2
19 37 1 0
19 38 0 8
19 39 3 0
19 40 0 4
19 41 1 0
19 42 0 5
19 43 1 0
19 44 0 9
19 45 2 0
19 46 0 9
19 47 1 0
19 48 0 3
19 49 3 0
19 50 0 3
19 51 1 0
19 52 0 0
19 53 1 0
19 54 0 4
19 55 1 0
19 56 0 4
19 57 1 0
19 58 0 7
19 59 2 0
20 0 0 4
20 1 3 0
20 2 0 3
20 3 3 0
20 4 0 3
20 5 1 0
20 6 0 6
20 7 3 0
20 8 0 7
20 9 3 0
20 10 0 6
20 11 1 0
20 12 0 0
20 13 0 0
20 14 0 3
20 15 3 0
20 16 0 7
20 17 3 0
20 18 0 3
20 19 0 0
20 20 0 8
20 21 3 0
20 22 0 5
20 23 2 0
20 24 0 9
20 25 2 0
20 26 0 2
20 27 0 0
20 28 0 7
20 29 3 0
20 30 0 2
20 31 1 0
20 32 0 4
20 33 0 0
20 34 0 7
20 35 3 0
20 36 0 4
20 37 1 0
20 38 0 7
20 39 1 0
20 40 0 6
20 41 3 0
20 42 0 4
20 43 1 0
20 44 0 1
20 45 2 0
20 46 0 8
20 47 3 0
20 48 0 2
20 49 3 0
20 50 0 7
20 51 0 0
20 52 0 4
20 53 2 0
20 54 0 0
20 55 0 0
20 56 0 5
20 57 1 0
20 58 0 7
20 59 1 0
21 0 0 0
21 1 0 0
21 2 0 9
21 3 2 0
21 4 0 9
21 5 3 0
21 6 0 8
21 7 1 0
21 8 0 1
21 9 3 0
21 10 0 8
21 11 0 0
21 12 0 9
21 13 1 0
21 14 0 7
21 15 0 0
21 16 0 4
21 17 2 0
21 18 0 8
21 19 1 0
21 20 0 8
21 21 1 0
21 22 0 7
21 23 3 0
21 24 0 7
21 25 0 0
21 26 0 8
21 27 1 0
21 28 0 4
21 29 3 0
21 30 0 0
21 31 1 0
21 32 0 2
21 33 3 0
21 34 0 7
21 35 1 0
21 36 0 0
21 37 0 0
21 38 0 8
21 39 1 0
21 40 0 2
21 41 0 0
21 42 0 7
21 43 2 0
21 44 0 2
21 45 2 0
21 46 0 9
21 47 0 0
21 48 0 5
21 49 3 0
21 50 0 8
21 51 2 0
21 52 0 0
21 53 1 0
21 54 0 7
21 55 1 0
21 56 0 0
21 57 3 0
21 58 0 3
21 59 0 0
22 0 0 1
22 1 3 0
22 2 0 5
22 3 3 0
22 4 0 6
22 5 0 0
22 6 0 2
22 7 3 0
22 8 0 8
22 9 0 0
22 10 0 2
22 11 3 0
22 12 0 4
22 13 2 0
22 14 0 6
22 15 2 0
22 16 0 2
22 17 1 0
22 18 0 0
22 19 3 0
22 20 0 8
22 21 0 0
22 22 0 6
22 23 0 0
22 24 0 8
22 25 0 0
22 26 0 0
22 27 0 0
22 28 0 7
22 29 1 0
22 30 0 9
22 31 1 0
22 32 0 8
22 33 1 0
22 34 0 4
22 35 3 0
22 36 0 0
22 37 3 0
22 38 0 8
22 39 3 0
22 40 0 4
22 41 1 0
22 42 0 5
22 43 0 0
22 44 0 1
22 45 3 0
22 46 0 4
22 47 1 0
22 48 0 7
22 49 2 0
22 50 0 3
22 51 1 0
22 52 0 7
22 53 2 0
22 54 0 4
22 55 1 0
22 56 0 1
22 57 0 0
22 58 0 5
22 59 2 0
23 0 0 4
23 1 1 0
23 2 0 7
23 3 1 0
23 4 0 3
23 5 1 0
23 6 0 5
23 7 1 0
23 8 0 6
23 9 1 0
23 10 0 8
23 11 1 0
23 12 0 2
23 13 1 0
23 14 0 1
23 15 3 0
23 16 0 6
23 17 2 0
23 18 0 0
23 19 2 0
23 20 0 8
23 21 2 0
23 22 0 2
23 23 0 0
23 24 0 2
23 25 3 0
23 26 0 4
23 27 1 0
23 28 0 0
23 29 3 0
23 30 0 7
23 31 2 0
23 32 0 5
23 33 3 0
23 34 0 8
23 35 3 0
23 36 0 1
23 37 0 0
23 38 0 2
23 39 2 0
23 40 0 5
23 41 1 0
23 42 0 5
23 43 1 0
23 44 0 1
23 45 3 0
23 46 0 0
23 47 0 0
23 48 0 2
23 49 0 0
23 50 0 5
23 51 0 0
23 52 0 8
23 53 3 0
23 54 0 4
23 55 2 0
23 56 0 1
23 57 2 0
23 58 0 6
23 59 2 0
24 0 0 8
24 1 1 0
24 2 0 3
24 3 0 0
24 4 0 4
24 5 0 0
24 6 0 7
24 7 3 0
24 8 0 7
24 9 0 0
24 10 0 5
24 11 0 0
24 12 0 5
24 13 3 0
24 14 0 3
24 15 0 0
24 16 0 1
24 17 0 0
24 18 0 5
24 19 3 0
24 20 0 7
24 21 0 0
24 22 0 7
24 23 2 0
24 24 0 7
24 25 3 0
24 26 0 6
24 27 2 0
24 28 0 1
24 29 3 0
24 30 0 0
24 31 2 0
24 32 0 2
24 33 0 0
24 34 0 0
24 35 1 0
24 36 0 7
24 37 3 0
24 38 0 2
24 39 1 0
24 40 0 5
24 41 3 0
24 42 0 1
24 43 1 0
24 44 0 1
24 45 3 0
24 46 0 4
24 47 1 0
24 48 0 6
24 49 2 0
24 50 0 0
24 51 1 0
24 52 0 5
24 53 1 0
24 54 0 8
24 55 1 0
24 56 0 9
24 57 1 0
24 58 0 7
24 59 0 0
25 0 0 0
25 1 3 0
25 2 0 1
25 3 0 0
25 4 0 3
25 5 2 0
25 6 0 5
25 7 0 0
25 8 0 5
25 9 0 0
25 10 0 1
25 11 2 0
25 12 0 1
25 13 1 0
25 14 0 0
25 15 1 0
25 16 0 2
25 17 2 0
25 18 0 5
25 19 0 0
25 20 0 5
25 21 3 0
25 22 0 7
25 23 1 0
25 24 0 9
25 25 2 0
25 26 0 6
25 27 3 0
25 28 0 6
25 29 2 0
25 30 0 2
25 31 0 0
25 32 0 8
25 33 0 0
25 34 0 3
25 35 0 0
25 36 0 6
25 37 2 0
25 38 0 2
25 39 1 0
25 40 0 6
25 41 3 0
25 42 0 9
25 43 0 0
25 44 0 8
25 45 0 0
25 46 0 0
25 47 2 0
25 48 0 8
25 49 3 0
25 50 0 5
25 51 1 0
25 52 0 3
25 53 2 0
25 54 0 6
25 55 3 0
25 56 0 0
25 57 0 0
25 58 0 2
25 59 3 0
26 0 0 5
26 1 1 0
26 2 0 8
26 3 3 0
26 4 0 2
26 5 0 0
26 6 0 5
26 7 3 0
26 8 0 3
26 9 0 0
26 10 0 4
26 11 0 0
26 12 0 3
26 13 1 0
26 14 0 6
26 15 2 0
26 16 0 7
26 17 2 0
26 18 0 6
26 19 2 0
26 20 0 9
26 21 2 0
26 22 0 2
26 23 1 0
26 24 0 8
26 25 0 0
26 26 0 1
26 27 3 0
26 28 0 0
26 29 1 0
26 30 0 3
26 31 1 0
26 32 0 3
26 33 1 0
26 34 0 6
26 35 0 0
26 36 0 1
26 37 3 0
26 38 0 3
26 39 3 0
26 40 0 0
26 41 1 0
26 42 0 9
26 43 1 0
26 44 0 0
26 45 0 0
26 46 0 9
26 47 1 0
26 48 0 6
26 49 2 0
26 50 0 7
26 51 0 0
26 52 0 7
26 53 3 0
26 54 0 6
26 55 3 0
26 56 0 5
26 57 3 0
26 58 0 8
26 59 2 0
27 0 0 1
27 1 0 0
27 2 0 5
27 3 1 0
27 4 0 4
27 5 1 0
27 6 0 8
27 7 3 0
27 8 0 3
27 9 3 0
27 10 0 9
27 11 2 0
27 12 0 2
27 13 3 0
27 14 0 3
27 15 1 0
27 16 0 3
27 17 2 0
27 18 0 5
27 19 2 0
27 20 0 5
27 21 1 0
27 22 0 3
27 23 1 0
27 24 0 3
27 25 3 0
27 26 0 4
27 27 3 0
27 28 0 0
27 29 1 0
27 30 0 4
27 31 3 0
27 32 0 4
27 33 1 0
27 34 0 0
27 35 0 0
27 36 0 3
27 37 2 0
27 38 0 0
27 39 1 0
27 40 0 6
27 41 2 0
27 42 0 7
27 43 0 0
27 44 0 0
27 45 0 0
27 46 0 3
27 47 3 0
27 48 0 3
27 49 3 0
27 50 0 0
27 51 2 0
27 52 0 5
27 53 1 0
27 54 0 1
27 55 3 0
27 56 0 8
27 57 1 0
27 58 0 5
27 59 1 0
28 0 0 9
28 1 1 0
28 2 0 5
28 3 2 0
28 4 0 2
28 5 0 0
28 6 0 3
28 7 1 0
28 8 0 1
28 9 2 0
28 10 0 9
28 11 0 0
28 12 0 7
28 13 3 0
28 14 0 3
28 15 3 0
28 16 0 0
28 17 0 0
28 18 0 4
28 19 3 0
28 20 0 1
28 21 1 0
28 22 0 2
28 23 0 0
28 24 0 5
28 25 0 0
28 26 0 6
28 27 0 0
28 28 0 3
28 29 1 0
28 30 0 7
28 31 2 0
28 32 0 0
28 33 0 0
28 34 0 4
28 35 3 0
28 36 0 7
28 37 2 0
28 38 0 3
28 39 0 0
28 40 0 0
28 41 0 0
28 42 0 0
28 43 2 0
28 44 0 7
28 45 2 0
28 46 0 1
28 47 1 0
28 48 0 4
28 49 1 0
28 50 0 6
28 51 2 0
28 52 0 4
28 53 2 0
28 54 0 8
28 55 1 0
28 56 0 7
28 57 1 0
28 58 0 0
28 59 3 0
29 0 0 6
29 1 3 0
29 2 0 0
29 3 1 0
29 4 0 7
29 5 0 0
29 6 0 8
29 7 3 0
29 8 0 1
29 9 2 0
29 10 0 0
29 11 2 0
29 12 0 4
29 13 0 0
29 14 0 5
29 15 3 0
29 16 0 2
29 17 3 0
29 18 0 2
29 19 1 0
29 20 0 7
29 21 1 0
29 22 0 3
29 23 3 0
29 24 0 2
29 25 1 0
29 26 0 7
29 27 3 0
29 28 0 1
29 29 0 0
29 30 0 9
29 31 1 0
29 32 0 9
29 33 0 0
29 34 0 1
29 35 2 0
29 36 0 0
29 37 3 0
29 38 0 7
29 39 1 0
29 40 0 7
29 41 0 0
29 42 0 1
29 43 1 0
29 44 0 1
29 45 2 0
29 46 0 6
29 47 1 0
29 48 0 3
29 49 3 0
29 50 0 4
29 51 3 0
29 52 0 1
29 53 3 0
29 54 0 4
29 55 2 0
29 56 0 7
29 57 2 0
29 58 0 5
29 59 0 0
30 0 0 4
30 1 2 0
30 2 0 1
30 3 0 0
30 4 0 5
30 5 2 0
30 6 0 1
30 7 1 0
30 8 0 0
30 9 0 0
30 10 0 9
30 11 1 0
30 12 0 4
30 13 0 0
30 14 0 8
30 15 3 0
30 16 0 2
30 17 3 0
30 18 0 2
30 19 2 0
30 20 0 4
30 21 1 0
30 22 0 4
30 23 0 0
30 24 0 3
30 25 3 0
30 26 0 2
30 27 3 0
30 28 0 3
30 29 2 0
30 30 0 6
30 31 3 0
30 32 0 1
30 33 2 0
30 34 0 3
30 35 2 0
30 36 0 2
30 37 0 0
30 38 0 4
30 39 3 0
30 40 0 9
30 41 0 0
30 42 0 5
30 43 0 0
30 44 0 6
30 45 3 0
30 46 0 1
30 47 3 0
30 48 0 2
30 49 2 0
30 50 0 4
30 51 1 0
30 52 0 7
30 53 1 0
30 54 0 8
30 55 2 0
30 56 0 4
30 57 2 0
30 58 0 7
30 59 3 0
31 0 0 7
31 1 0 0
31 2 0 4
31 3 0 0
31 4 0 6
31 5 0 0
31 6 0 4
31 7 2 0
31 8 0 1
31 9 3 0
31 10 0 4
31 11 3 0
31 12 0 9
31 13 1 0
31 14 0 3
31 15 0 0
31 16 0 7
31 17 0 0
31 18 0 9
31 19 2 0
31 20 0 0
31 21 3 0
31 22 0 0
31 23 2 0
31 24 0 7
31 25 0 0
31 26 0 8
31 27 3 0
31 28 0 2
31 29 3 0
31 30 0 3
31 31 0 0
31 32 0 2
31 33 0 0
31 34 0 2
31 35 0 0
31 36 0 5
31 37 0 0
31 38 0 2
31 39 0 0
31 40 0 5
31 41 0 0
31 42 0 6
31 43 1 0
31 44 0 1
31 45 1 0
31 46 0 3
31 47 3 0
31 48 0 4
31 49 3 0
31 50 0 3
31 51 3 0
31 52 0 0
31 53 3 0
31 54 0 4
31 55 1 0
31 56 0 5
31 57 1 0
31 58 0 8
31 59 3 0
32 0 0 3
32 1 2 0
32 2 0 1
32 3 0 0
32 4 0 0
32 5 2 0
32 6 0 7
32 7 2 0
32 8 0 5
32 9 3 0
32 10 0 6
32 11 1 0
32 12 0 2
32 13 0 0
32 14 0 9
32 15 1 0
32 16 0 4
32 17 3 0
32 18 0 3
32 19 0 0
32 20 0 4
32 21 1 0
32 22 0 2
32 23 1 0
32 24 0 4
32 25 0 0
32 26 0 3
32 27 3 0
32 28 0 7
32 29 0 0
32 30 0 4
32 31 0 0
32 32 0 0
32 33 3 0
32 34 0 2
32 35 3 0
32 36 0 0
32 37 3 0
32 38 0 0
32 39 2 0
32 40 0 7
32 41 0 0
32 42 0 0
32 43 0 0
32 44 0 4
32 45 2 0
32 46 0 1
32 47 0 0
32 48 0 2
32 49 0 0
32 50 0 3
32 51 0 0
32 52 0 5
32 53 0 0
32 54 0 4
32 55 3 0
32 56 0 9
32 57 0 0
32 58 0 1
32 59 3 0
33 0 0 3
33 1 1 0
33 2 0 2
33 3 0 0
33 4 0 2
33 5 2 0
33 6 0 6
33 7 3 0
33 8 0 3
33 9 1 0
33 10 0 3
33 11 0 0
33 12 0 0
33 13 3 0
33 14 0 8
33 15 1 0
33 16 0 2
33 17 3 0
33 18 0 2
33 19 0 0
33 20 0 8
33 21 2 0
33 22 0 3
33 23 1 0
33 24 0 1
33 25 2 0
33 26 0 3
33 27 2 0
33 28 0 9
33 29 3 0
33 30 0 7
33 31 1 0
33 32 0 1
33 33 0 0
33 34 0 1
33 35 2 0
33 36 0 3
33 37 0 0
33 38 0 0
33 39 2 0
33 40 0 7
33 41 2 0
33 42 0 6
33 43 1 0
33 44 0 3
33 45 0 0
33 46 0 2
33 47 0 0
33 48 0 4
33 49 1 0
33 50 0 9
33 51 0 0
33 52 0 8
33 53 3 0
33 54 0 8
33 55 1 0
33 56 0 3
33 57 2 0
33 58 0 3
33 59 0 0
34 0 0 5
34 1 3 0
34 2 0 8
34 3 2 0
34 4 0 9
34 5 2 0
34 6 0 9
34 7 2 0
34 8 0 5
34 9 0 0
34 10 0 0
34 11 3 0
34 12 0 0
34 13 2 0
34 14 0 8
34 15 3 0
34 16 0 3
34 17 0 0
34 18 0 2
34 19 2 0
34 20 0 6
34 21 2 0
34 22 0 5
34 23 1 0
34 24 0 8
34 25 2 0
34 26 0 2
34 27 3 0
34 28 0 4
34 29 1 0
34 30 0 9
34 31 0 0
34 32 0 3
34 33 2 0
34 34 0 0
34 35 1 0
34 36 0 3
34 37 2 0
34 38 0 3
34 39 1 0
34 40 0 9
34 41 2 0
34 42 0 0
34 43 2 0
34 44 0 4
34 45 3 0
34 46 0 3
34 47 0 0
34 48 0 1
34 49 1 0
34 50 0 8
34 51 2 0
34 52 0 4
34 53 1 0
34 54 0 2
34 55 1 0
34 56 0 8
34 57 0 0
34 58 0 2
34 59 0 0
35 0 0 6
35 1 1 0
35 2 0 8
35 3 2 0
35 4 0 1
35 5 3 0
35 6 0 9
35 7 1 0
35 8 0 6
35 9 0 0
35 10 0 9
35 11 1 0
35 12 0 9
35 13 3 0
35 14 0 1
35 15 0 0
35 16 0 8
35 17 3 0
35 18 0 2
35 19 0 0
35 20 0 3
35 21 1 0
35 22 0 5
35 23 0 0
35 24 0 2
35 25 3 0
35 26 0 2
35 27 2 0
35 28 0 8
35 29 3 0
35 30 0 9
35 31 2 0
35 32 0 1
35 33 0 0
35 34 0 2
35 35 2 0
35 36 0 9
35 37 2 0
35 38 0 0
35 39 1 0
35 40 0 0
35 41 1 0
35 42 0 1
35 43 0 0
35 44 0 7
35 45 2 0
35 46 0 8
35 47 0 0
35 48 0 1
35 49 1 0
35 50 0 8
35 51 1 0
35 52 0 5
35 53 0 0
35 54 0 1
35 55 0 0
35 56 0 8
35 57 2 0
35 58 0 2
35 59 3 0
36 0 0 2
36 1 1 0
36 2 0 9
36 3 3 0
36 4 0 8
36 5 1 0
36 6 0 7
36 7 1 0
36 8 0 1
36 9 3 0
36 10 0 8
36 11 2 0
36 12 0 9
36 13 3 0
36 14 0 7
36 15 2 0
36 16 0 3
36 17 3 0
36 18 0 7
36 19 2 0
36 20 0 3
36 21 1 0
36 22 0 1
36 23 1 0
36 24 0 2
36 25 0 0
36 26 0 8
36 27 3 0
36 28 0 5
36 29 0 0
36 30 0 5
36 31 1 0
36 32 0 9
36 33 2 0
36 34 0 4
36 35 2 0
36 36 0 4
36 37 1 0
36 38 0 8
36 39 2 0
36 40 0 5
36 41 3 0
36 42 0 9
36 43 2 0
36 44 0 8
36 45 0 0
36 46 0 3
36 47 1 0
36 48 0 1
36 49 2 0
36 50 0 4
36 51 2 0
36 52 0 3
36 53 0 0
36 54 0 7
36 55 3 0
36 56 0 9
36 57 3 0
36 58 0 9
36 59 0 0
37 0 0 9
37 1 0 0
37 2 0 3
37 3 2 0
37 4 0 9
37 5 0 0
37 6 0 0
37 7 0 0
37 8 0 7
37 9 3 0
37 10 0 0
37 11 1 0
37 12 0 2
37 13 1 0
37 14 0 7
37 15 0 0
37 16 0 8
37 17 0 0
37 18 0 5
37 19 3 0
37 20 0 5
37 21 3 0
37 22 0 8
37 23 0 0
37 24 0 1
37 25 1 0
37 26 0 7
37 27 0 0
37 28 0 0
37 29 0 0
37 30 0 3
37 31 3 0
37 32 0 9
37 33 3 0
37 34 0 8
37 35 0 0
37 36 0 8
37 37 1 0
37 38 0 2
37 39 0 0
37 40 0 3
37 41 2 0
37 42 0 7
37 43 3 0
37 44 0 4
37 45 1 0
37 46 0 9
37 47 0 0
37 48 0 3
37 49 1 0
37 50 0 8
37 51 3 0
37 52 0 0
37 53 3 0
37 54 0 4
37 55 1 0
37 56 0 5
37 57 0 0
37 58 0 2
37 59 2 0
38 0 0 2
38 1 0 0
38 2 0 0
38 3 0 0
38 4 0 8
38 5 3 0
38 6 0 9
38 7 2 0
38 8 0 3
38 9 3 0
38 10 0 1
38 11 1 0
38 12 0 9
38 13 1 0
38 14 0 4
38 15 2 0
38 16 0 6
38 17 0 0
38 18 0 0
38 19 3 0
38 20 0 3
38 21 1 0
38 22 0 8
38 23 1 0
38 24 0 1
38 25 1 0
38 26 0 0
38 27 0 0
38 28 0 7
38 29 1 0
38 30 0 4
38 31 3 0
38 32 0 9
38 33 1 0
38 34 0 7
38 35 0 0
38 36 0 2
38 37 2 0
38 38 0 5
38 39 1 0
38 40 0 9
38 41 1 0
38 42 0 3
38 43 2 0
38 44 0 0
38 45 1 0
38 46 0 5
38 47 0 0
38 48 0 6
38 49 0 0
38 50 0 4
38 51 3 0
38 52 0 9
38 53 3 0
38 54 0 2
38 55 1 0
38 56 0 8
38 57 1 0
38 58 0 0
38 59 2 0
39 0 0 3
39 1 1 0
39 2 0 7
39 3 2 0
39 4 0 7
39 5 1 0
39 6 0 0
39 7 1 0
39 8 0 7
39 9 3 0
39 10 0 2
39 11 3 0
39 12 0 4
39 13 0 0
39 14 0 5
39 15 0 0
39 16 0 6
39 17 0 0
39 18 0 6
39 19 0 0
39 20 0 3
39 21 3 0
39 22 0 9
39 23 2 0
39 24 0 6
39 25 3 0
39 26 0 6
39 27 0 0
39 28 0 5
39 29 0 0
39 30 0 4
39 31 1 0
39 32 0 5
39 33 2 0
39 34 0 3
39 35 3 0
39 36 0 9
39 37 3 0
39 38 0 9
39 39 2 0
39 40 0 0
39 41 3 0
39 42 0 1
39 43 2 0
39 44 0 3
39 45 2 0
39 46 0 6
39 47 1 0
39 48 0 3
39 49 1 0
39 50 0 0
39 51 3 0
39 52 0 4
39 53 0 0
39 54 0 8
39 55 3 0
39 56 0 2
39 57 2 0
39 58 0 4
39 59 1 0
40 0 0 1
40 1 1 0
40 2 0 6
40 3 3 0
40 4 0 2
40 5 2 0
40 6 0 3
40 7 3 0
40 8 0 4
40 9 3 0
40 10 0 2
40 11 0 0
40 12 0 3
40 13 0 0
40 14 0 6
40 15 1 0
40 16 0 2
40 17 1 0
40 18 0 2
40 19 0 0
40 20 0 8
40 21 0 0
40 22 0 6
40 23 3 0
40 24 0 4
40 25 0 0
40 26 0 7
40 27 3 0
40 28 0 0
40 29 2 0
40 30 0 8
40 31 0 0
40 32 0 4
40 33 0 0
40 34 0 4
40 35 3 0
40 36 0 4
40 37 1 0
40 38 0 0
40 39 1 0
40 40 0 2
40 41 2 0
40 42 0 7
40 43 0 0
40 44 0 4
40 45 0 0
40 46 0 3
40 47 1 0
40 48 0 9
40 49 0 0
40 50 0 9
40 51 1 0
40 52 0 5
40 53 1 0
40 54 0 5
40 55 2 0
40 56 0 6
40 57 2 0
40 58 0 3
40 59 1 0
41 0 0 0
41 1 1 0
41 2 0 6
41 3 2 0
41 4 0 3
41 5 1 0
41 6 0 4
41 7 1 0
41 8 0 0
41 9 1 0
41 10 0 9
41 11 1 0
41 12 0 3
41 13 3 0
41 14 0 8
41 15 3 0
41 16 0 3
41 17 2 0
41 18 0 3
41 19 0 0
41 20 0 0
41 21 0 0
41 22 0 0
41 23 0 0
41 24 0 9
41 25 1 0
41 26 0 3
41 27 0 0
41 28 0 9
41 29 2 0
41 30 0 9
41 31 1 0
41 32 0 8
41 33 3 0
41 34 0 0
41 35 2 0
41 36 0 7
41 37 1 0
41 38 0 3
41 39 2 0
41 40 0 8
41 41 0 0
41 42 0 8
41 43 3 0
41 44 0 8
41 45 2 0
41 46 0 0
41 47 0 0
41 48 0 8
41 49 3 0
41 50 0 1
41 51 0 0
41 52 0 9
41 53 3 0
41 54 0 7
41 55 2 0
41 56 0 7
41 57 3 0
41 58 0 2
41 59 3 0
42 0 0 1
42 1 0 0
42 2 0 3
42 3 3 0
42 4 0 9
42 5 2 0
42 6 0 1
42 7 0 0
42 8 0 2
42 9 2 0
42 10 0 8
42 11 0 0
42 12 0 0
42 13 1 0
42 14 0 1
42 15 0 0
42 16 0 6
42 17 3 0
42 18 0 3
42 19 0 0
42 20 0 9
42 21 1 0
42 22 0 9
42 23 0 0
42 24 0 4
42 25 0 0
42 26 0 6
42 27 2 0
42 28 0 3
42 29 3 0
42 30 0 2
42 31 1 0
42 32 0 3
42 33 0 0
42 34 0 9
42 35 3 0
42 36 0 2
42 37 0 0
42 38 0 1
42 39 0 0
42 40 0 2
42 41 2 0
42 42 0 5
42 43 1 0
42 44 0 6
42 45 0 0
42 46 0 9
42 47 2 0
42 48 0 7
42 49 3 0
42 50 0 2
42 51 1 0
42 52 0 1
42 53 2 0
42 54 0 3
42 55 1 0
42 56 0 2
42 57 3 0
42 58 0 3
42 59 0 0
43 0 0 9
43 1 1 0
43 2 0 4
43 3 1 0
43 4 0 6
43 5 3 0
43 6 0 1
43 7 2 0
43 8 0 1
43 9 0 0
43 10 0 1
43 11 2 0
43 12 0 2
43 13 1 0
43 14 0 1
43 15 1 0
43 16 0 0
43 17 2 0
43 18 0 8
43 19 3 0
43 20 0 1
43 21 1 0
43 22 0 1
43 23 1 0
43 24 0 0
43 25 1 0
43 26 0 4
43 27 1 0
43 28 0 9
43 29 0 0
43 30 0 0
43 31 0 0
43 32 0 8
43 33 2 0
43 34 0 3
43 35 3 0
43 36 0 2
43 37 0 0
43 38 0 7
43 39 3 0
43 40 0 0
43 41 2 0
43 42 0 1
43 43 3 0
43 44 0 3
43 45 1 0
43 46 0 4
43 47 2 0
43 48 0 8
43 49 2 0
43 50 0 7
43 51 3 0
43 52 0 1
43 53 1 0
43 54 0 8
43 55 3 0
43 56 0 1
43 57 2 0
43 58 0 7
43 59 2 0
44 0 0 1
44 1 0 0
44 2 0 1
44 3 3 0
44 4 0 3
44 5 1 0
44 6 0 5
44 7 3 0
44 8 0 5
44 9 3 0
44 10 0 1
44 11 2 0
44 12 0 6
44 13 2 0
44 14 0 3
44 15 2 0
44 16 0 3
44 17 0 0
44 18 0 8
44 19 2 0
44 20 0 5
44 21 0 0
44 22 0 9
44 23 0 0
44 24 0 2
44 25 3 0
44 26 0 2
44 27 0 0
44 28 0 3
44 29 2 0
44 30 0 6
44 31 3 0
44 32 0 5
44 33 2 0
44 34 0 3
44 35 0 0
44 36 0 9
44 37 2 0
44 38 0 6
44 39 2 0
44 40 0 7
44 41 1 0
44 42 0 9
44 43 0 0
44 44 0 6
44 45 1 0
44 46 0 7
44 47 3 0
44 48 0 0
44 49 1 0
44 50 0 2
44 51 0 0
44 52 0 3
44 53 0 0
44 54 0 6
44 55 0 0
44 56 0 0
44 57 0 0
44 58 0 2
44 59 2 0
45 0 0 6
45 1 0 0
45 2 0 3
45 3 1 0
45 4 0 6
45 5 2 0
45 6 0 4
45 7 3 0
45 8 0 7
45 9 2 0
45 10 0 9
45 11 3 0
45 12 0 3
45 13 0 0
45 14 0 6
45 15 3 0
45 16 0 7
45 17 2 0
45 18 0 5
45 19 3 0
45 20 0 5
45 21 0 0
45 22 0 9
45 23 0 0
45 24 0 8
45 25 3 0
45 26 0 2
45 27 2 0
45 28 0 9
45 29 2 0
45 30 0 3
45 31 3 0
45 32 0 8
45 33 0 0
45 34 0 1
45 35 2 0
45 36 0 2
45 37 0 0
45 38 0 7
45 39 0 0
45 40 0 4
45 41 3 0
45 42 0 9
45 43 2 0
45 44 0 4
45 45 2 0
45 46 0 9
45 47 1 0
45 48 0 8
45 49 1 0
45 50 0 7
45 51 1 0
45 52 0 4
45 53 2 0
45 54 0 1
45 55 3 0
45 56 0 7
45 57 3 0
45 58 0 8
45 59 2 0
46 0 0 4
46 1 3 0
46 2 0 5
46 3 2 0
46 4 0 8
46 5 2 0
46 6 0 7
46 7 0 0
46 8 0 8
46 9 1 0
46 10 0 7
46 11 0 0
46 12 0 5
46 13 3 0
46 14 0 8
46 15 3 0
46 16 0 0
46 17 2 0
46 18 0 8
46 19 2 0
46 20 0 0
46 21 3 0
46 22 0 4
46 23 1 0
46 24 0 8
46 25 1 0
46 26 0 0
46 27 0 0
46 28 0 1
46 29 2 0
46 30 0 5
46 31 1 0
46 32 0 2
46 33 3 0
46 34 0 4
46 35 3 0
46 36 0 8
46 37 3 0
46 38 0 1
46 39 2 0
46 40 0 0
46 41 0 0
46 42 0 6
46 43 2 0
46 44 0 6
46 45 1 0
46 46 0 7
46 47 3 0
46 48 0 8
46 49 1 0
46 50 0 7
46 51 0 0
46 52 0 8
46 53 3 0
46 54 0 8
46 55 3 0
46 56 0 4
46 57 3 0
46 58 0 7
46 59 3 0
47 0 0 4
47 1 0 0
47 2 0 7
47 3 2 0
47 4 0 5
47 5 0 0
47 6 0 0
47 7 3 0
47 8 0 5
47 9 2 0
47 10 0 7
47 11 1 0
47 12 0 6
47 13 1 0
47 14 0 0
47 15 2 0
47 16 0 5
47 17 2 0
47 18 0 6
47 19 1 0
47 20 0 7
47 21 2 0
47 22 0 3
47 23 1 0
47 24 0 2
47 25 1 0
47 26 0 2
47 27 3 0
47 28 0 3
47 29 0 0
47 30 0 3
47 31 0 0
47 32 0 5
47 33 3 0
47 34 0 6
47 35 1 0
47 36 0 1
47 37 0 0
47 38 0 8
47 39 1 0
47 40 0 4
47 41 3 0
47 42 0 2
47 43 3 0
47 44 0 3
47 45 0 0
47 46 0 2
47 47 0 0
47 48 0 1
47 49 0 0
47 50 0 1
47 51 1 0
47 52 0 1
47 53 0 0
47 54 0 7
47 55 0 0
47 56 0 9
47 57 1 0
47 58 0 2
47 59 2 0
48 0 0 2
48 1 2 0
48 2 0 0
48 3 0 0
48 4 0 3
48 5 1 0
48 6 0 4
48 7 2 0
48 8 0 3
48 9 2 0
48 10 0 1
48 11 1 0
48 12 0 0
48 13 2 0
48 14 0 5
48 15 2 0
48 16 0 4
48 17 2 0
48 18 0 8
48 19 1 0
48 20 0 9
48 21 1 0
48 22 0 7
48 23 0 0
48 24 0 4
48 25 2 0
48 26 0 1
48 27 1 0
48 28 0 7
48 29 3 0
48 30 0 2
48 31 3 0
48 32 0 2
48 33 3 0
48 34 0 2
48 35 1 0
48 36 0 8
48 37 1 0
48 38 0 4
48 39 2 0
48 40 0 0
48 41 3 0
48 42 0 3
48 43 3 0
48 44 0 2
48 45 0 0
48 46 0 2
48 47 1 0
48 48 0 8
48 49 2 0
48 50 0 0
48 51 0 0
48 52 0 7
48 53 1 0
48 54 0 9
48 55 0 0
48 56 0 5
48 57 1 0
48 58 0 5
48 59 0 0
49 0 0 6
49 1 0 0
49 2 0 4
49 3 2 0
49 4 0 0
49 5 2 0
49 6 0 8
49 7 1 0
49 8 0 8
49 9 3 0
49 10 0 7
49 11 0 0
49 12 0 2
49 13 1 0
49 14 0 3
49 15 0 0
49 16 0 3
49 17 0 0
49 18 0 5
49 19 1 0
49 20 0 1
49 21 0 0
49 22 0 6
49 23 1 0
49 24 0 1
49 25 2 0
49 26 0 2
49 27 3 0
49 28 0 2
49 29 3 0
49 30 0 0
49 31 2 0
49 32 0 3
49 33 3 0
49 34 0 8
49 35 0 0
49 36 0 6
49 37 3 0
49 38 0 1
49 39 0 0
49 40 0 3
49 41 0 0
49 42 0 8
49 43 0 0
49 44 0 5
49 45 2 0
49 46 0 7
49 47 3 0
49 48 0 2
49 49 2 0
49 50 0 9
49 51 0 0
49 52 0 9
49 53 0 0
49 54 0 2
49 55 1 0
49 56 0 8
49 57 2 0
49 58 0 0
49 59 1 0
50 0 0 1
50 1 3 0
50 2 0 2
50 3 2 0
50 4 0 7
50 5 0 0
50 6 0 4
50 7 0 0
50 8 0 8
50 9 3 0
50 10 0 1
50 11 0 0
50 12 0 4
50 13 3 0
50 14 0 5
50 15 2 0
50 16 0 8
50 17 1 0
50 18 0 7
50 19 0 0
50 20 0 9
50 21 2 0
50 22 0 7
50 23 0 0
50 24 0 6
50 25 3 0
50 26 0 4
50 27 2 0
50 28 0 5
50 29 0 0
50 30 0 7
50 31 0 0
50 32 0 2
50 33 1 0
50 34 0 8
50 35 0 0
50 36 0 4
50 37 0 0
50 38 0 5
50 39 2 0
50 40 0 3
50 41 0 0
50 42 0 1
50 43 3 0
50 44 0 8
50 45 0 0
50 46 0 4
50 47 3 0
50 48 0 2
50 49 2 0
50 50 0 7
50 51 3 0
50 52 0 4
50 53 1 0
50 54 0 3
50 55 0 0
50 56 0 3
50 57 0 0
50 58 0 3
50 59 2 0
51 0 0 0
51 1 0 0
51 2 0 1
51 3 2 0
51 4 0 9
51 5 1 0
51 6 0 3
51 7 1 0
51 8 0 6
51 9 1 0
51 10 0 9
51 11 2 0
51 12 0 6
51 13 1 0
51 14 0 1
51 15 0 0
51 16 0 7
51 17 3 0
51 18 0 4
51 19 1 0
51 20 0 3
51 21 2 0
51 22 0 7
51 23 1 0
51 24 0 0
51 25 2 0
51 26 0 1
51 27 1 0
51 28 0 3
51 29 3 0
51 30 0 5
51 31 0 0
51 32 0 7
51 33 2 0
51 34 0 3
51 35 2 0
51 36 0 2
51 37 0 0
51 38 0 1
51 39 3 0
51 40 0 8
51 41 1 0
51 42 0 3
51 43 0 0
51 44 0 7
51 45 3 0
51 46 0 7
51 47 3 0
51 48 0 0
51 49 1 0
51 50 0 1
51 51 2 0
51 52 0 9
51 53 0 0
51 54 0 5
51 55 1 0
51 56 0 7
51 57 1 0
51 58 0 2
51 59 1 0
52 0 0 4
52 1 0 0
52 2 0 7
52 3 1 0
52 4 0 7
52 5 3 0
52 6 0 0
52 7 0 0
52 8 0 0
52 9 1 0
52 10 0 8
52 11 0 0
52 12 0 1
52 13 0 0
52 14 0 9
52 15 1 0
52 16 0 4
52 17 3 0
52 18 0 6
52 19 1 0
52 20 0 4
52 21 0 0
52 22 0 4
52 23 2 0
52 24 0 1
52 25 0 0
52 26 0 8
52 27 3 0
52 28 0 6
52 29 2 0
52 30 0 1
52 31 2 0
52 32 0 1
52 33 0 0
52 34 0 8
52 35 3 0
52 36 0 5
52 37 2 0
52 38 0 4
52 39 0 0
52 40 0 7
52 41 0 0
52 42 0 1
52 43 0 0
52 44 0 9
52 45 0 0
52 46 0 7
52 47 0 0
52 48 0 8
52 49 2 0
52 50 0 3
52 51 1 0
52 52 0 1
52 53 3 0
52 54 0 0
52 55 3 0
52 56 0 6
52 57 2 0
52 58 0 4
52 59 3 0
53 0 0 6
53 1 2 0
53 2 0 4
53 3 3 0
53 4 0 2
53 5 2 0
53 6 0 4
53 7 0 0
53 8 0 9
53 9 3 0
53 10 0 5
53 11 3 0
53 12 0 6
53 13 2 0
53 14 0 5
53 15 1 0
53 16 0 5
53 17 3 0
53 18 0 1
53 19 1 0
53 20 0 5
53 21 3 0
53 22 0 4
53 23 3 0
53 24 0 1
53 25 3 0
53 26 0 5
53 27 3 0
53 28 0 8
53 29 3 0
53 30 0 1
53 31 2 0
53 32 0 1
53 33 0 0
53 34 0 9
53 35 1 0
53 36 0 1
53 37 2 0
53 38 0 9
53 39 3 0
53 40 0 3
53 41 2 0
53 42 0 4
53 43 0 0
53 44 0 7
53 45 1 0
53 46 0 2
53 47 1 0
53 48 0 1
53 49 0 0
53 50 0 7
53 51 1 0
53 52 0 8
53 53 2 0
53 54 0 9
53 55 3 0
53 56 0 0
53 57 1 0
53 58 0 5
53 59 1 0
54 0 0 6
54 1 2 0
54 2 0 6
54 3 2 0
54 4 0 9
54 5 0 0
54 6 0 5
54 7 2 0
54 8 0 7
54 9 0 0
54 10 0 9
54 11 1 0
54 12 0 8
54 13 0 0
54 14 0 6
54 15 3 0
54 16 0 4
54 17 3 0
54 18 0 2
54 19 3 0
54 20 0 3
54 21 3 0
54 22 0 5
54 23 3 0
54 24 0 8
54 25 0 0
54 26 0 3
54 27 1 0
54 28 0 1
54 29 2 0
54 30 0 1
54 31 1 0
54 32 0 0
54 33 3 0
54 34 0 0
54 35 2 0
54 36 0 0
54 37 2 0
54 38 0 3
54 39 0 0
54 40 0 5
54 41 1 0
54 42 0 5
54 43 0 0
54 44 0 7
54 45 0 0
54 46 0 7
54 47 0 0
54 48 0 1
54 49 0 0
54 50 0 8
54 51 3 0
54 52 0 4
54 53 1 0
54 54 0 4
54 55 3 0
54 56 0 3
54 57 0 0
54 58 0 1
54 59 2 0
55 0 0 1
55 1 1 0
55 2 0 8
55 3 0 0
55 4 0 8
55 5 2 0
55 6 0 7
55 7 3 0
55 8 0 7
55 9 3 0
55 10 0 7
55 11 1 0
55 12 0 2
55 13 0 0
55 14 0 4
55 15 2 0
55 16 0 2
55 17 2 0
55 18 0 2
55 19 0 0
55 20 0 8
55 21 2 0
55 22 0 7
55 23 1 0
55 24 0 5
55 25 0 0
55 26 0 6
55 27 1 0
55 28 0 5
55 29 2 0
55 30 0 3
55 31 1 0
55 32 0 2
55 33 2 0
55 34 0 4
55 35 1 0
55 36 0 3
55 37 0 0
55 38 0 8
55 39 3 0
55 40 0 1
55 41 2 0
55 42 0 9
55 43 1 0
55 44 0 2
55 45 1 0
55 46 0 1
55 47 3 0
55 48 0 3
55 49 2 0
55 50 0 3
55 51 2 0
55 52 0 1
55 53 3 0
55 54 0 1
55 55 2 0
55 56 0 3
55 57 2 0
55 58 0 2
55 59 1 0
56 0 0 9
56 1 2 0
56 2 0 1
56 3 2 0
56 4 0 1
56 5 2 0
56 6 0 3
56 7 0 0
56 8 0 4
56 9 3 0
56 10 0 7
56 11 0 0
56 12 0 1
56 13 3 0
56 14 0 6
56 15 2 0
56 16 0 5
56 17 0 0
56 18 0 6
56 19 1 0
56 20 0 5
56 21 1 0
56 22 0 8
56 23 2 0
56 24 0 9
56 25 2 0
56 26 0 0
56 27 1 0
56 28 0 5
56 29 3 0
56 30 0 4
56 31 0 0
56 32 0 6
56 33 0 0
56 34 0 9
56 35 2 0
56 36 0 0
56 37 0 0
56 38 0 0
56 39 1 0
56 40 0 9
56 41 1 0
56 42 0 8
56 43 0 0
56 44 0 7
56 45 2 0
56 46 0 9
56 47 2 0
56 48 0 3
56 49 2 0
56 50 0 5
56 51 2 0
56 52 0 9
56 53 2 0
56 54 0 9
56 55 1 0
56 56 0 8
56 57 3 0
56 58 0 7
56 59 2 0
57 0 0 0
57 1 1 0
57 2 0 2
57 3 1 0
57 4 0 4
57 5 1 0
57 6 0 5
57 7 0 0
57 8 0 5
57 9 0 0
57 10 0 3
57 11 1 0
57 12 0 2
57 13 2 0
57 14 0 5
57 15 3 0
57 16 0 3
57 17 0 0
57 18 0 2
57 19 0 0
57 20 0 7
57 21 2 0
57 22 0 5
57 23 0 0
57 24 0 3
57 25 1 0
57 26 0 4
57 27 1 0
57 28 0 7
57 29 2 0
57 30 0 7
57 31 2 0
57 32 0 7
57 33 2 0
57 34 0 8
57 35 0 0
57 36 0 3
57 37 0 0
57 38 0 3
57 39 0 0
57 40 0 0
57 41 2 0
57 42 0 6
57 43 3 0
57 44 0 2
57 45 0 0
57 46 0 6
57 47 3 0
57 48 0 8
57 49 3 0
57 50 0 7
57 51 1 0
57 52 0 0
57 53 0 0
57 54 0 4
57 55 2 0
57 56 0 7
57 57 3 0
57 58 0 5
57 59 0 0
58 0 0 3
58 1 0 0
58 2 0 6
58 3 0 0
58 4 0 4
58 5 1 0
58 6 0 2
58 7 2 0
58 8 0 0
58 9 1 0
58 10 0 4
58 11 2 0
58 12 0 9
58 13 3 0
58 14 0 5
58 15 3 0
58 16 0 8
58 17 1 0
58 18 0 7
58 19 2 0
58 20 0 0
58 21 2 0
58 22 0 1
58 23 3 0
58 24 0 0
58 25 0 0
58 26 0 5
58 27 1 0
58 28 0 4
58 29 2 0
58 30 0 9
58 31 1 0
58 32 0 2
58 33 0 0
58 34 0 8
58 35 3 0
58 36 0 8
58 37 2 0
58 38 0 6
58 39 2 0
58 40 0 5
58 41 1 0
58 42 0 8
58 43 3 0
58 44 0 8
58 45 2 0
58 46 0 4
58 47 1 0
58 48 0 8
58 49 0 0
58 50 0 1
58 51 3 0
58 52 0 4
58 53 2 0
58 54 0 3
58 55 0 0
58 56 0 3
58 57 3 0
58 58 0 2
58 59 3 0
59 0 0 2
59 1 0 0
59 2 0 8
59 3 1 0
59 4 0 4
59 5 2 0
59 6 0 2
59 7 2 0
59 8 0 9
59 9 1 0
59 10 0 1
59 11 0 0
59 12 0 6
59 13 3 0
59 14 0 9
59 15 1 0
59 16 0 0
59 17 3 0
59 18 0 5
59 19 1 0
59 20 0 6
59 21 2 0
59 22 0 2
59 23 3 0
59 24 0 9
59 25 1 0
59 26 0 1
59 27 3 0
59 28 0 6
59 29 0 0
59 30 0 8
59 31 3 0
59 32 0 2
59 33 0 0
59 34 0 0
59 35 3 0
59 36 0 5
59 37 3 0
59 38 0 0
59 39 2 0
59 40 0 5
59 41 3 0
59 42 0 5
59 43 0 0
59 44 0 3
59 45 3 0
59 46 0 8
59 47 2 0
59 48 0 9
59 49 2 0
59 50 0 1
59 51 0 0
59 52 0 3
59 53 1 0
59 54 0 1
59 55 0 0
59 56 0 5
59 57 1 0
59 58 0 7
59 59 1 0