0 0 0 6
0 1 7 0
0 2 0 6
0 3 4 0
0 4 0 8
0 5 2 0
0 6 0 0
0 7 6 0
0 8 0 3
0 9 4 0
0 10 0 7
0 11 7 0
0 12 0 0
0 13 3 0
0 14 0 6
0 15 9 0
0 16 0 0
0 17 0 0
0 18 0 5
0 19 6 0
0 20 0 9
0 21 4 0
0 22 0 3
0 23 8 0
0 24 0 3
0 25 6 0
0 26 0 4
0 27 3 0
0 28 0 2
0 29 9 0
0 30 0 8
0 31 7 0
0 32 0 8
0 33 6 0
0 34 0 5
0 35 7 0
0 36 0 5
0 37 8 0
0 38 0 9
0 39 4 0
0 40 0 3
0 41 0 0
0 42 0 6
0 43 8 0
0 44 0 1
0 45 4 0
0 46 0 2
0 47 8 0
0 48 0 0
0 49 3 0
0 50 0 8
0 51 8 0
0 52 0 2
0 53 6 0
0 54 0 8
0 55 5 0
0 56 0 6
0 57 5 0
0 58 0 6
0 59 3 0
1 0 0 1
1 1 3 0
1 2 0 1
1 3 6 0
1 4 0 3
1 5 0 0
1 6 0 9
1 7 3 0
1 8 0 6
1 9 5 0
1 10 0 7
1 11 3 0
1 12 0 9
1 13 7 0
1 14 0 2
1 15 2 0
1 16 0 4
1 17 2 0
1 18 0 3
1 19 5 0
1 20 0 2
1 21 5 0
1 22 0 0
1 23 5 0
1 24 0 1
1 25 9 0
1 26 0 9
1 27 8 0
1 28 0 2
1 29 2 0
1 30 0 2
1 31 3 0
1 32 0 0
1 33 6 0
1 34 0 3
1 35 3 0
1 36 0 1
1 37 1 0
1 38 0 2
1 39 4 0
1 40 0 4
1 41 8 0
1 42 0 4
1 43 1 0
1 44 0 3
1 45 4 0
1 46 0 0
1 47 6 0
1 48 0 1
1 49 6 0
1 50 0 6
1 51 9 0
1 52 0 1
1 53 9 0
1 54 0 4
1 55 7 0
1 56 0 0
1 57 0 0
1 58 0 4
1 59 9 0
2 0 0 1
2 1 5 0
2 2 0 9
2 3 7 0
2 4 0 1
2 5 1 0
2 6 0 4
2 7 6 0
2 8 0 9
2 9 5 0
2 10 0 4
2 11 6 0
2 12 0 9
2 13 7 0
2 14 0 8
2 15 8 0
2 16 0 3
2 17 3 0
2 18 0 2
2 19 2 0
2 20 0 6
2 21 4 0
2 22 0 4
2 23 4 0
2 24 0 1
2 25 7 0
2 26 0 3
2 27 7 0
2 28 0 8
2 29 3 0
2 30 0 8
2 31 5 0
2 32 0 6
2 33 2 0
2 34 0 3
2 35 1 0
2 36 0 8
2 37 7 0
2 38 0 9
2 39 0 0
2 40 0 4
2 41 8 0
2 42 0 8
2 43 1 0
2 44 0 0
2 45 0 0
2 46 0 6
2 47 0 0
2 48 0 4
2 49 2 0
2 50 0 3
2 51 0 0
2 52 0 7
2 53 7 0
2 54 0 9
2 55 2 0
2 56 0 7
2 57 0 0
2 58 0 7
2 59 6 0
3 0 0 3
3 1 5 0
3 2 0 6
3 3 5 0
3 4 0 7
3 5 1 0
3 6 0 1
3 7 5 0
3 8 0 9
3 9 7 0
3 10 0 6
3 11 2 0
3 12 0 0
3 13 2 0
3 14 0 6
3 15 3 0
3 16 0 2
3 17 4 0
3 18 0 5
3 19 6 0
3 20 0 9
3 21 6 0
3 22 0 3
3 23 6 0
3 24 0 1
3 25 9 0
3 26 0 9
3 27 0 0
3 28 0 1
3 29 0 0
3 30 0 5
3 31 4 0
3 32 0 9
3 33 8 0
3 34 0 0
3 35 7 0
3 36 0 3
3 37 3 0
3 38 0 8
3 39 8 0
3 40 0 6
3 41 2 0
3 42 0 9
3 43 2 0
3 44 0 7
3 45 3 0
3 46 0 2
3 47 6 0
3 48 0 1
3 49 6 0
3 50 0 5
3 51 6 0
3 52 0 3
3 53 4 0
3 54 0 0
3 55 7 0
3 56 0 7
3 57 6 0
3 58 0 5
3 59 4 0
4 0 0 9
4 1 1 0
4 2 0 3
4 3 3 0
4 4 0 1
4 5 0 0
4 6 0 2
4 7 3 0
4 8 0 5
4 9 5 0
4 10 0 8
4 11 3 0
4 12 0 0
4 13 3 0
4 14 0 1
4 15 3 0
4 16 0 0
4 17 6 0
4 18 0 6
4 19 1 0
4 20 0 9
4 21 6 0
4 22 0 1
4 23 7 0
4 24 0 2
4 25 4 0
4 26 0 3
4 27 8 0
4 28 0 5
4 29 1 0
4 30 0 2
4 31 5 0
4 32 0 9
4 33 3 0
4 34 0 7
4 35 2 0
4 36 0 4
4 37 7 0
4 38 0 1
4 39 0 0
4 40 0 2
4 41 4 0
4 42 0 7
4 43 0 0
4 44 0 5
4 45 3 0
4 46 0 9
4 47 3 0
4 48 0 8
4 49 4 0
4 50 0 0
4 51 6 0
4 52 0 1
4 53 8 0
4 54 0 4
4 55 8 0
4 56 0 8
4 57 0 0
4 58 0 1
4 59 0 0
5 0 0 3
5 1 7 0
5 2 0 2
5 3 8 0
5 4 0 7
5 5 8 0
5 6 0 1
5 7 6 0
5 8 0 4
5 9 1 0
5 10 0 6
5 11 9 0
5 12 0 1
5 13 0 0
5 14 0 6
5 15 5 0
5 16 0 8
5 17 2 0
5 18 0 8
5 19 4 0
5 20 0 5
5 21 3 0
5 22 0 8
5 23 1 0
5 24 0 5
5 25 5 0
5 26 0 8
5 27 9 0
5 28 0 5
5 29 3 0
5 30 0 0
5 31 1 0
5 32 0 8
5 33 1 0
5 34 0 1
5 35 3 0
5 36 0 5
5 37 8 0
5 38 0 9
5 39 3 0
5 40 0 3
5 41 8 0
5 42 0 9
5 43 8 0
5 44 0 5
5 45 1 0
5 46 0 3
5 47 9 0
5 48 0 1
5 49 2 0
5 50 0 8
5 51 5 0
5 52 0 9
5 53 7 0
5 54 0 1
5 55 3 0
5 56 0 5
5 57 8 0
5 58 0 3
5 59 2 0
6 0 0 6
6 1 2 0
6 2 0 8
6 3 3 0
6 4 0 3
6 5 1 0
6 6 0 3
6 7 8 0
6 8 0 2
6 9 8 0
6 10 0 7
6 11 3 0
6 12 0 8
6 13 7 0
6 14 0 8
6 15 8 0
6 16 0 9
6 17 4 0
6 18 0 2
6 19 5 0
6 20 0 8
6 21 4 0
6 22 0 1
6 23 9 0
6 24 0 9
6 25 1 0
6 26 0 0
6 27 3 0
6 28 0 5
6 29 9 0
6 30 0 7
6 31 1 0
6 32 0 6
6 33 1 0
6 34 0 8
6 35 7 0
6 36 0 2
6 37 7 0
6 38 0 1
6 39 0 0
6 40 0 4
6 41 6 0
6 42 0 8
6 43 3 0
6 44 0 4
6 45 6 0
6 46 0 6
6 47 5 0
6 48 0 1
6 49 7 0
6 50 0 3
6 51 1 0
6 52 0 9
6 53 8 0
6 54 0 7
6 55 5 0
6 56 0 8
6 57 8 0
6 58 0 9
6 59 5 0
7 0 0 7
7 1 4 0
7 2 0 7
7 3 7 0
7 4 0 3
7 5 4 0
7 6 0 5
7 7 9 0
7 8 0 5
7 9 9 0
7 10 0 0
7 11 8 0
7 12 0 8
7 13 8 0
7 14 0 0
7 15 8 0
7 16 0 7
7 17 8 0
7 18 0 4
7 19 3 0
7 20 0 5
7 21 3 0
7 22 0 2
7 23 6 0
7 24 0 2
7 25 1 0
7 26 0 1
7 27 3 0
7 28 0 4
7 29 4 0
7 30 0 0
7 31 2 0
7 32 0 1
7 33 4 0
7 34 0 0
7 35 3 0
7 36 0 7
7 37 0 0
7 38 0 7
7 39 2 0
7 40 0 3
7 41 4 0
7 42 0 7
7 43 8 0
7 44 0 4
7 45 1 0
7 46 0 1
7 47 2 0
7 48 0 9
7 49 1 0
7 50 0 8
7 51 5 0
7 52 0 6
7 53 2 0
7 54 0 9
7 55 8 0
7 56 0 3
7 57 8 0
7 58 0 0
7 59 5 0
8 0 0 7
8 1 1 0
8 2 0 4
8 3 1 0
8 4 0 4
8 5 2 0
8 6 0 6
8 7 7 0
8 8 0 5
8 9 4 0
8 10 0 2
8 11 7 0
8 12 0 1
8 13 5 0
8 14 0 8
8 15 0 0
8 16 0 1
8 17 4 0
8 18 0 2
8 19 3 0
8 20 0 9
8 21 5 0
8 22 0 0
8 23 8 0
8 24 0 0
8 25 1 0
8 26 0 7
8 27 1 0
8 28 0 9
8 29 3 0
8 30 0 0
8 31 9 0
8 32 0 8
8 33 8 0
8 34 0 4
8 35 2 0
8 36 0 2
8 37 0 0
8 38 0 0
8 39 4 0
8 40 0 2
8 41 0 0
8 42 0 1
8 43 8 0
8 44 0 1
8 45 4 0
8 46 0 5
8 47 3 0
8 48 0 0
8 49 1 0
8 50 0 6
8 51 8 0
8 52 0 6
8 53 4 0
8 54 0 3
8 55 2 0
8 56 0 6
8 57 3 0
8 58 0 2
8 59 4 0
9 0 0 6
9 1 6 0
9 2 0 7
9 3 8 0
9 4 0 0
9 5 8 0
9 6 0 0
9 7 9 0
9 8 0 4
9 9 0 0
9 10 0 3
9 11 5 0
9 12 0 2
9 13 7 0
9 14 0 1
9 15 1 0
9 16 0 1
9 17 5 0
9 18 0 7
9 19 1 0
9 20 0 4
9 21 1 0
9 22 0 5
9 23 4 0
9 24 0 2
9 25 4 0
9 26 0 6
9 27 5 0
9 28 0 3
9 29 7 0
9 30 0 1
9 31 6 0
9 32 0 8
9 33 2 0
9 34 0 0
9 35 1 0
9 36 0 5
9 37 3 0
9 38 0 8
9 39 6 0
9 40 0 9
9 41 7 0
9 42 0 9
9 43 0 0
9 44 0 8
9 45 7 0
9 46 0 0
9 47 5 0
9 48 0 8
9 49 5 0
9 50 0 0
9 51 7 0
9 52 0 0
9 53 1 0
9 54 0 8
9 55 1 0
9 56 0 6
9 57 7 0
9 58 0 4
9 59 0 0
10 0 0 3
10 1 2 0
10 2 0 9
10 3 3 0
10 4 0 4
10 5 0 0
10 6 0 4
10 7 0 0
10 8 0 3
10 9 9 0
10 10 0 7
10 11 8 0
10 12 0 9
10 13 2 0
10 14 0 8
10 15 3 0
10 16 0 0
10 17 0 0
10 18 0 6
10 19 6 0
10 20 0 2
10 21 5 0
10 22 0 9
10 23 4 0
10 24 0 3
10 25 6 0
10 26 0 6
10 27 3 0
10 28 0 6
10 29 2 0
10 30 0 6
10 31 0 0
10 32 0 6
10 33 7 0
10 34 0 2
10 35 3 0
10 36 0 1
10 37 0 0
10 38 0 3
10 39 4 0
10 40 0 7
10 41 1 0
10 42 0 9
10 43 8 0
10 44 0 8
10 45 7 0
10 46 0 6
10 47 5 0
10 48 0 8
10 49 7 0
10 50 0 0
10 51 6 0
10 52 0 2
10 53 9 0
10 54 0 7
10 55 3 0
10 56 0 5
10 57 9 0
10 58 0 4
10 59 1 0
11 0 0 6
11 1 1 0
11 2 0 5
11 3 3 0
11 4 0 3
11 5 8 0
11 6 0 4
11 7 4 0
11 8 0 1
11 9 6 0
11 10 0 0
11 11 3 0
11 12 0 0
11 13 3 0
11 14 0 1
11 15 8 0
11 16 0 9
11 17 6 0
11 18 0 6
11 19 6 0
11 20 0 8
11 21 7 0
11 22 0 7
11 23 7 0
11 24 0 5
11 25 4 0
11 26 0 6
11 27 1 0
11 28 0 3
11 29 9 0
11 30 0 9
11 31 4 0
11 32 0 3
11 33 3 0
11 34 0 6
11 35 7 0
11 36 0 5
11 37 8 0
11 38 0 5
11 39 8 0
11 40 0 5
11 41 9 0
11 42 0 3
11 43 9 0
11 44 0 2
11 45 2 0
11 46 0 8
11 47 3 0
11 48 0 0
11 49 2 0
11 50 0 9
11 51 2 0
11 52 0 6
11 53 6 0
11 54 0 9
11 55 5 0
11 56 0 1
11 57 0 0
11 58 0 2
11 59 7 0
12 0 0 8
12 1 8 0
12 2 0 2
12 3 4 0
12 4 0 8
12 5 6 0
12 6 0 7
12 7 3 0
12 8 0 2
12 9 0 0
12 10 0 8
12 11 1 0
12 12 0 6
12 13 9 0
12 14 0 6
12 15 1 0
12 16 0 3
12 17 9 0
12 18 0 6
12 19 8 0
12 20 0 1
12 21 8 0
12 22 0 7
12 23 1 0
12 24 0 4
12 25 8 0
12 26 0 0
12 27 4 0
12 28 0 8
12 29 3 0
12 30 0 8
12 31 8 0
12 32 0 6
12 33 1 0
12 34 0 1
12 35 3 0
12 36 0 9
12 37 4 0
12 38 0 8
12 39 0 0
12 40 0 2
12 41 4 0
12 42 0 0
12 43 4 0
12 44 0 0
12 45 8 0
12 46 0 0
12 47 2 0
12 48 0 2
12 49 2 0
12 50 0 7
12 51 3 0
12 52 0 8
12 53 4 0
12 54 0 5
12 55 5 0
12 56 0 7
12 57 0 0
12 58 0 1
12 59 1 0
13 0 0 9
13 1 9 0
13 2 0 0
13 3 2 0
13 4 0 3
13 5 8 0
13 6 0 9
13 7 2 0
13 8 0 0
13 9 9 0
13 10 0 0
13 11 6 0
13 12 0 0
13 13 0 0
13 14 0 5
13 15 7 0
13 16 0 5
13 17 0 0
13 18 0 6
13 19 1 0
13 20 0 2
13 21 1 0
13 22 0 4
13 23 6 0
13 24 0 5
13 25 4 0
13 26 0 3
13 27 6 0
13 28 0 7
13 29 9 0
13 30 0 9
13 31 6 0
13 32 0 5
13 33 6 0
13 34 0 0
13 35 7 0
13 36 0 9
13 37 4 0
13 38 0 2
13 39 0 0
13 40 0 6
13 41 3 0
13 42 0 6
13 43 1 0
13 44 0 4
13 45 5 0
13 46 0 2
13 47 4 0
13 48 0 7
13 49 1 0
13 50 0 6
13 51 8 0
13 52 0 1
13 53 5 0
13 54 0 6
13 55 5 0
13 56 0 6
13 57 3 0
13 58 0 7
13 59 9 0
14 0 0 6
14 1 7 0
14 2 0 6
14 3 0 0
14 4 0 0
14 5 6 0
14 6 0 6
14 7 2 0
14 8 0 3
14 9 3 0
14 10 0 3
14 11 1 0
14 12 0 2
14 13 4 0
14 14 0 0
14 15 4 0
14 16 0 6
14 17 5 0
14 18 0 4
14 19 8 0
14 20 0 9
14 21 7 0
14 22 0 2
14 23 3 0
14 24 0 7
14 25 5 0
14 26 0 9
14 27 1 0
14 28 0 4
14 29 0 0
14 30 0 9
14 31 0 0
14 32 0 9
14 33 4 0
14 34 0 7
14 35 2 0
14 36 0 0
14 37 4 0
14 38 0 4
14 39 4 0
14 40 0 6
14 41 7 0
14 42 0 8
14 43 3 0
14 44 0 3
14 45 7 0
14 46 0 6
14 47 6 0
14 48 0 6
14 49 4 0
14 50 0 9
14 51 2 0
14 52 0 2
14 53 9 0
14 54 0 6
14 55 8 0
14 56 0 7
14 57 9 0
14 58 0 1
14 59 9 0
15 0 0 7
15 1 9 0
15 2 0 9
15 3 6 0
15 4 0 9
15 5 2 0
15 6 0 0
15 7 2 0
15 8 0 8
15 9 0 0
15 10 0 6
15 11 3 0
15 12 0 4
15 13 4 0
15 14 0 9
15 15 1 0
15 16 0 2
15 17 6 0
15 18 0 5
15 19 4 0
15 20 0 2
15 21 6 0
15 22 0 1
15 23 6 0
15 24 0 0
15 25 5 0
15 26 0 6
15 27 4 0
15 28 0 6
15 29 9 0
15 30 0 9
15 31 1 0
15 32 0 2
15 33 6 0
15 34 0 3
15 35 5 0
15 36 0 6
15 37 1 0
15 38 0 5
15 39 0 0
15 40 0 7
15 41 6 0
15 42 0 1
15 43 3 0
15 44 0 0
15 45 4 0
15 46 0 5
15 47 3 0
15 48 0 0
15 49 8 0
15 50 0 6
15 51 7 0
15 52 0 8
15 53 9 0
15 54 0 9
15 55 4 0
15 56 0 8
15 57 2 0
15 58 0 8
15 59 8 0
16 0 0 0
16 1 2 0
16 2 0 9
16 3 4 0
16 4 0 0
16 5 8 0
16 6 0 2
16 7 3 0
16 8 0 7
16 9 3 0
16 10 0 9
16 11 7 0
16 12 0 9
16 13 7 0
16 14 0 6
16 15 5 0
16 16 0 1
16 17 1 0
16 18 0 5
16 19 2 0
16 20 0 4
16 21 8 0
16 22 0 9
16 23 8 0
16 24 0 3
16 25 3 0
16 26 0 3
16 27 7 0
16 28 0 4
16 29 7 0
16 30 0 9
16 31 4 0
16 32 0 9
16 33 9 0
16 34 0 0
16 35 7 0
16 36 0 3
16 37 2 0
16 38 0 8
16 39 6 0
16 40 0 2
16 41 7 0
16 42 0 3
16 43 1 0
16 44 0 2
16 45 6 0
16 46 0 3
16 47 5 0
16 48 0 9
16 49 6 0
16 50 0 0
16 51 9 0
16 52 0 4
16 53 0 0
16 54 0 6
16 55 2 0
16 56 0 0
16 57 7 0
16 58 0 5
16 59 0 0
17 0 0 4
17 1 2 0
17 2 0 5
17 3 1 0
17 4 0 8
17 5 6 0
17 6 0 9
17 7 7 0
17 8 0 3
17 9 8 0
17 10 0 8
17 11 0 0
17 12 0 5
17 13 5 0
17 14 0 3
17 15 3 0
17 16 0 5
17 17 7 0
17 18 0 8
17 19 4 0
17 20 0 8
17 21 3 0
17 22 0 0
17 23 4 0
17 24 0 3
17 25 8 0
17 26 0 4
17 27 9 0
17 28 0 5
17 29 7 0
17 30 0 9
17 31 3 0
17 32 0 4
17 33 9 0
17 34 0 4
17 35 1 0
17 36 0 6
17 37 9 0
17 38 0 1
17 39 7 0
17 40 0 5
17 41 1 0
17 42 0 8
17 43 5 0
17 44 0 1
17 45 5 0
17 46 0 7
17 47 2 0
17 48 0 7
17 49 3 0
17 50 0 2
17 51 7 0
17 52 0 2
17 53 2 0
17 54 0 1
17 55 5 0
17 56 0 7
17 57 0 0
17 58 0 8
17 59 0 0
18 0 0 4
18 1 4 0
18 2 0 9
18 3 9 0
18 4 0 8
18 5 1 0
18 6 0 9
18 7 2 0
18 8 0 5
18 9 3 0
18 10 0 5
18 11 0 0
18 12 0 7
18 13 1 0
18 14 0 6
18 15 4 0
18 16 0 1
18 17 4 0
18 18 0 6
18 19 7 0
18 20 0 6
18 21 0 0
18 22 0 3
18 23 4 0
18 24 0 0
18 25 6 0
18 26 0 7
18 27 1 0
18 28 0 0
18 29 9 0
18 30 0 2
18 31 1 0
18 32 0 2
18 33 3 0
18 34 0 3
18 35 0 0
18 36 0 6
18 37 7 0
18 38 0 3
18 39 7 0
18 40 0 8
18 41 9 0
18 42 0 6
18 43 8 0
18 44 0 7
18 45 2 0
18 46 0 4
18 47 7 0
18 48 0 8
18 49 7 0
18 50 0 5
18 51 3 0
18 52 0 8
18 53 0 0
18 54 0 0
18 55 1 0
18 56 0 9
18 57 8 0
18 58 0 5
18 59 7 0
19 0 0 7
19 1 2 0
19 2 0 2
19 3 6 0
19 4 0 3
19 5 4 0
19 6 0 6
19 7 0 0
19 8 0 1
19 9 1 0
19 10 0 4
19 11 3 0
19 12 0 5
19 13 3 0
19 14 0 7
19 15 0 0
19 16 0 3
19 17 7 0
19 18 0 4
19 19 7 0
19 20 0 8
19 21 8 0
19 22 0 6
19 23 3 0
19 24 0 8
19 25 8 0
19 26 0 2
19 27 9 0
19 28 0 1
19 29 8 0
19 30 0 6
19 31 7 0
19 32 0 5
19 33 3 0
19 34 0 5
19 35 0 0
19 36 0 8
19 37 5 0
19 38 0 2
19 39 8 0
19 40 0 1
19 41 1 0
19 42 0 6
19 43 7 0
19 44 0 8
19 45 1 0
19 46 0 6
19 47 2 0
19 48 0 9
19 49 1 0
19 50 0 8
19 51 5 0
19 52 0 9
19 53 5 0
19 54 0 3
19 55 2 0
19 56 0 1
19 57 9 0
19 58 0 1
19 59 3 0
20 0 0 3
20 1 1 0
20 2 0 8
20 3 9 0
20 4 0 6
20 5 7 0
20 6 0 4
20 7 6 0
20 8 0 6
20 9 7 0
20 10 0 2
20 11 1 0
20 12 0 2
20 13 2 0
20 14 0 2
20 15 1 0
20 16 0 2
20 17 8 0
20 18 0 7
20 19 5 0
20 20 0 7
20 21 2 0
20 22 0 9
20 23 5 0
20 24 0 7
20 25 1 0
20 26 0 9
20 27 6 0
20 28 0 5
20 29 5 0
20 30 0 9
20 31 3 0
20 32 0 6
20 33 5 0
20 34 0 2
20 35 8 0
20 36 0 6
20 37 1 0
20 38 0 3
20 39 8 0
20 40 0 7
20 41 4 0
20 42 0 6
20 43 7 0
20 44 0 9
20 45 0 0
20 46 0 9
20 47 1 0
20 48 0 6
20 49 6 0
20 50 0 5
20 51 7 0
20 52 0 0
20 53 4 0
20 54 0 1
20 55 5 0
20 56 0 7
20 57 7 0
20 58 0 1
20 59 7 0
21 0 0 8
21 1 8 0
21 2 0 3
21 3 3 0
21 4 0 8
21 5 6 0
21 6 0 8
21 7 1 0
21 8 0 2
21 9 9 0
21 10 0 2
21 11 0 0
21 12 0 3
21 13 8 0
21 14 0 5
21 15 2 0
21 16 0 9
21 17 3 0
21 18 0 1
21 19 7 0
21 20 0 0
21 21 2 0
21 22 0 9
21 23 6 0
21 24 0 0
21 25 2 0
21 26 0 7
21 27 9 0
21 28 0 8
21 29 3 0
21 30 0 5
21 31 6 0
21 32 0 3
21 33 8 0
21 34 0 5
21 35 8 0
21 36 0 7
21 37 4 0
21 38 0 4
21 39 4 0
21 40 0 5
21 41 3 0
21 42 0 2
21 43 1 0
21 44 0 3
21 45 5 0
21 46 0 2
21 47 6 0
21 48 0 0
21 49 9 0
21 50 0 1
21 51 8 0
21 52 0 0
21 53 9 0
21 54 0 1
21 55 0 0
21 56 0 2
21 57 7 0
21 58 0 5
21 59 8 0
22 0 0 6
22 1 7 0
22 2 0 1
22 3 9 0
22 4 0 4
22 5 3 0
22 6 0 9
22 7 8 0
22 8 0 7
22 9 1 0
22 10 0 1
22 11 3 0
22 12 0 3
22 13 3 0
22 14 0 0
22 15 8 0
22 16 0 2
22 17 3 0
22 18 0 2
22 19 1 0
22 20 0 5
22 21 0 0
22 22 0 7
22 23 5 0
22 24 0 7
22 25 2 0
22 26 0 5
22 27 1 0
22 28 0 3
22 29 1 0
22 30 0 5
22 31 5 0
22 32 0 1
22 33 6 0
22 34 0 9
22 35 1 0
22 36 0 4
22 37 3 0
22 38 0 3
22 39 0 0
22 40 0 3
22 41 9 0
22 42 0 0
22 43 3 0
22 44 0 1
22 45 2 0
22 46 0 2
22 47 9 0
22 48 0 4
22 49 0 0
22 50 0 2
22 51 1 0
22 52 0 3
22 53 8 0
22 54 0 3
22 55 0 0
22 56 0 0
22 57 4 0
22 58 0 2
22 59 3 0
23 0 0 1
23 1 0 0
23 2 0 5
23 3 0 0
23 4 0 0
23 5 7 0
23 6 0 5
23 7 7 0
23 8 0 6
23 9 5 0
23 10 0 5
23 11 3 0
23 12 0 6
23 13 1 0
23 14 0 6
23 15 3 0
23 16 0 1
23 17 7 0
23 18 0 0
23 19 8 0
23 20 0 3
23 21 9 0
23 22 0 1
23 23 9 0
23 24 0 8
23 25 4 0
23 26 0 2
23 27 2 0
23 28 0 3
23 29 4 0
23 30 0 2
23 31 7 0
23 32 0 4
23 33 1 0
23 34 0 1
23 35 8 0
23 36 0 4
23 37 0 0
23 38 0 9
23 39 1 0
23 40 0 6
23 41 7 0
23 42 0 5
23 43 2 0
23 44 0 5
23 45 7 0
23 46 0 3
23 47 5 0
23 48 0 1
23 49 0 0
23 50 0 5
23 51 0 0
23 52 0 0
23 53 2 0
23 54 0 9
23 55 3 0
23 56 0 6
23 57 9 0
23 58 0 1
23 59 1 0
24 0 0 6
24 1 1 0
24 2 0 2
24 3 3 0
24 4 0 9
24 5 3 0
24 6 0 1
24 7 6 0
24 8 0 7
24 9 8 0
24 10 0 5
24 11 9 0
24 12 0 4
24 13 9 0
24 14 0 0
24 15 0 0
24 16 0 0
24 17 2 0
24 18 0 7
24 19 9 0
24 20 0 4
24 21 0 0
24 22 0 6
24 23 8 0
24 24 0 5
24 25 2 0
24 26 0 7
24 27 1 0
24 28 0 5
24 29 3 0
24 30 0 7
24 31 7 0
24 32 0 6
24 33 3 0
24 34 0 1
24 35 8 0
24 36 0 4
24 37 2 0
24 38 0 2
24 39 8 0
24 40 0 0
24 41 1 0
24 42 0 0
24 43 4 0
24 44 0 8
24 45 2 0
24 46 0 0
24 47 8 0
24 48 0 9
24 49 6 0
24 50 0 2
24 51 8 0
24 52 0 7
24 53 8 0
24 54 0 1
24 55 6 0
24 56 0 8
24 57 4 0
24 58 0 8
24 59 2 0
25 0 0 0
25 1 0 0
25 2 0 6
25 3 3 0
25 4 0 8
25 5 4 0
25 6 0 1
25 7 8 0
25 8 0 3
25 9 8 0
25 10 0 4
25 11 6 0
25 12 0 7
25 13 9 0
25 14 0 3
25 15 4 0
25 16 0 0
25 17 5 0
25 18 0 6
25 19 3 0
25 20 0 3
25 21 1 0
25 22 0 5
25 23 1 0
25 24 0 2
25 25 2 0
25 26 0 6
25 27 8 0
25 28 0 1
25 29 8 0
25 30 0 8
25 31 9 0
25 32 0 8
25 33 3 0
25 34 0 2
25 35 8 0
25 36 0 8
25 37 9 0
25 38 0 4
25 39 7 0
25 40 0 0
25 41 6 0
25 42 0 2
25 43 3 0
25 44 0 4
25 45 5 0
25 46 0 0
25 47 7 0
25 48 0 0
25 49 2 0
25 50 0 5
25 51 3 0
25 52 0 8
25 53 0 0
25 54 0 5
25 55 2 0
25 56 0 7
25 57 4 0
25 58 0 6
25 59 3 0
26 0 0 2
26 1 0 0
26 2 0 3
26 3 4 0
26 4 0 5
26 5 8 0
26 6 0 5
26 7 5 0
26 8 0 6
26 9 1 0
26 10 0 5
26 11 9 0
26 12 0 7
26 13 7 0
26 14 0 8
26 15 7 0
26 16 0 9
26 17 6 0
26 18 0 4
26 19 1 0
26 20 0 0
26 21 0 0
26 22 0 7
26 23 6 0
26 24 0 9
26 25 6 0
26 26 0 2
26 27 7 0
26 28 0 5
26 29 4 0
26 30 0 6
26 31 6 0
26 32 0 5
26 33 4 0
26 34 0 2
26 35 1 0
26 36 0 8
26 37 0 0
26 38 0 2
26 39 8 0
26 40 0 5
26 41 6 0
26 42 0 3
26 43 6 0
26 44 0 4
26 45 5 0
26 46 0 4
26 47 4 0
26 48 0 0
26 49 6 0
26 50 0 7
26 51 4 0
26 52 0 5
26 53 9 0
26 54 0 8
26 55 9 0
26 56 0 0
26 57 0 0
26 58 0 9
26 59 5 0
27 0 0 1
27 1 5 0
27 2 0 0
27 3 1 0
27 4 0 9
27 5 1 0
27 6 0 5
27 7 1 0
27 8 0 9
27 9 0 0
27 10 0 8
27 11 5 0
27 12 0 6
27 13 8 0
27 14 0 2
27 15 4 0
27 16 0 6
27 17 0 0
27 18 0 4
27 19 2 0
27 20 0 5
27 21 5 0
27 22 0 3
27 23 6 0
27 24 0 4
27 25 3 0
27 26 0 1
27 27 3 0
27 28 0 3
27 29 4 0
27 30 0 0
27 31 9 0
27 32 0 4
27 33 2 0
27 34 0 4
27 35 4 0
27 36 0 3
27 37 6 0
27 38 0 4
27 39 7 0
27 40 0 0
27 41 0 0
27 42 0 7
27 43 0 0
27 44 0 1
27 45 0 0
27 46 0 2
27 47 4 0
27 48 0 3
27 49 9 0
27 50 0 8
27 51 7 0
27 52 0 1
27 53 4 0
27 54 0 7
27 55 2 0
27 56 0 7
27 57 1 0
27 58 0 2
27 59 2 0
28 0 0 6
28 1 8 0
28 2 0 9
28 3 5 0
28 4 0 1
28 5 7 0
28 6 0 3
28 7 6 0
28 8 0 9
28 9 2 0
28 10 0 1
28 11 9 0
28 12 0 5
28 13 0 0
28 14 0 9
28 15 8 0
28 16 0 0
28 17 9 0
28 18 0 8
28 19 2 0
28 20 0 2
28 21 1 0
28 22 0 2
28 23 5 0
28 24 0 0
28 25 2 0
28 26 0 0
28 27 2 0
28 28 0 2
28 29 2 0
28 30 0 4
28 31 6 0
28 32 0 1
28 33 6 0
28 34 0 3
28 35 3 0
28 36 0 3
28 37 3 0
28 38 0 4
28 39 6 0
28 40 0 9
28 41 1 0
28 42 0 2
28 43 4 0
28 44 0 8
28 45 3 0
28 46 0 1
28 47 8 0
28 48 0 0
28 49 9 0
28 50 0 9
28 51 9 0
28 52 0 0
28 53 2 0
28 54 0 9
28 55 5 0
28 56 0 4
28 57 3 0
28 58 0 8
28 59 9 0
29 0 0 0
29 1 1 0
29 2 0 0
29 3 4 0
29 4 0 2
29 5 1 0
29 6 0 5
29 7 4 0
29 8 0 3
29 9 7 0
29 10 0 1
29 11 2 0
29 12 0 0
29 13 9 0
29 14 0 5
29 15 0 0
29 16 0 7
29 17 8 0
29 18 0 8
29 19 2 0
29 20 0 8
29 21 4 0
29 22 0 9
29 23 1 0
29 24 0 3
29 25 8 0
29 26 0 7
29 27 1 0
29 28 0 8
29 29 5 0
29 30 0 1
29 31 8 0
29 32 0 6
29 33 2 0
29 34 0 5
29 35 2 0
29 36 0 4
29 37 4 0
29 38 0 0
29 39 9 0
29 40 0 7
29 41 9 0
29 42 0 0
29 43 6 0
29 44 0 4
29 45 5 0
29 46 0 5
29 47 1 0
29 48 0 1
29 49 9 0
29 50 0 4
29 51 7 0
29 52 0 8
29 53 9 0
29 54 0 0
29 55 0 0
29 56 0 1
29 57 2 0
29 58 0 7
29 59 0 0
30 0 0 3
30 1 2 0
30 2 0 6
30 3 3 0
30 4 0 0
30 5 1 0
30 6 0 4
30 7 1 0
30 8 0 3
30 9 5 0
30 10 0 2
30 11 8 0
30 12 0 8
30 13 1 0
30 14 0 4
30 15 3 0
30 16 0 4
30 17 7 0
30 18 0 6
30 19 0 0
30 20 0 0
30 21 6 0
30 22 0 2
30 23 7 0
30 24 0 0
30 25 6 0
30 26 0 3
30 27 1 0
30 28 0 9
30 29 7 0
30 30 0 1
30 31 3 0
30 32 0 3
30 33 0 0
30 34 0 4
30 35 2 0
30 36 0 2
30 37 8 0
30 38 0 8
30 39 4 0
30 40 0 0
30 41 1 0
30 42 0 7
30 43 3 0
30 44 0 4
30 45 3 0
30 46 0 0
30 47 8 0
30 48 0 9
30 49 6 0
30 50 0 7
30 51 0 0
30 52 0 5
30 53 9 0
30 54 0 0
30 55 0 0
30 56 0 9
30 57 4 0
30 58 0 2
30 59 7 0
31 0 0 7
31 1 1 0
31 2 0 1
31 3 0 0
31 4 0 3
31 5 3 0
31 6 0 7
31 7 4 0
31 8 0 9
31 9 2 0
31 10 0 6
31 11 5 0
31 12 0 3
31 13 0 0
31 14 0 7
31 15 7 0
31 16 0 7
31 17 4 0
31 18 0 4
31 19 3 0
31 20 0 7
31 21 5 0
31 22 0 0
31 23 9 0
31 24 0 8
31 25 3 0
31 26 0 2
31 27 7 0
31 28 0 4
31 29 4 0
31 30 0 7
31 31 1 0
31 32 0 1
31 33 4 0
31 34 0 6
31 35 3 0
31 36 0 1
31 37 2 0
31 38 0 3
31 39 9 0
31 40 0 0
31 41 2 0
31 42 0 6
31 43 6 0
31 44 0 2
31 45 6 0
31 46 0 9
31 47 9 0
31 48 0 2
31 49 5 0
31 50 0 0
31 51 5 0
31 52 0 4
31 53 8 0
31 54 0 6
31 55 5 0
31 56 0 1
31 57 9 0
31 58 0 9
31 59 1 0
32 0 0 7
32 1 4 0
32 2 0 4
32 3 7 0
32 4 0 9
32 5 3 0
32 6 0 9
32 7 4 0
32 8 0 5
32 9 7 0
32 10 0 1
32 11 9 0
32 12 0 5
32 13 4 0
32 14 0 6
32 15 0 0
32 16 0 5
32 17 9 0
32 18 0 8
32 19 1 0
32 20 0 6
32 21 6 0
32 22 0 3
32 23 6 0
32 24 0 5
32 25 7 0
32 26 0 6
32 27 6 0
32 28 0 7
32 29 6 0
32 30 0 4
32 31 9 0
32 32 0 0
32 33 4 0
32 34 0 1
32 35 9 0
32 36 0 7
32 37 5 0
32 38 0 3
32 39 6 0
32 40 0 6
32 41 8 0
32 42 0 8
32 43 4 0
32 44 0 2
32 45 2 0
32 46 0 9
32 47 2 0
32 48 0 4
32 49 3 0
32 50 0 8
32 51 1 0
32 52 0 3
32 53 8 0
32 54 0 0
32 55 0 0
32 56 0 4
32 57 6 0
32 58 0 9
32 59 8 0
33 0 0 1
33 1 6 0
33 2 0 5
33 3 3 0
33 4 0 8
33 5 3 0
33 6 0 0
33 7 9 0
33 8 0 3
33 9 8 0
33 10 0 0
33 11 2 0
33 12 0 9
33 13 8 0
33 14 0 4
33 15 0 0
33 16 0 0
33 17 1 0
33 18 0 9
33 19 0 0
33 20 0 7
33 21 0 0
33 22 0 2
33 23 6 0
33 24 0 7
33 25 0 0
33 26 0 5
33 27 6 0
33 28 0 0
33 29 2 0
33 30 0 8
33 31 1 0
33 32 0 2
33 33 1 0
33 34 0 6
33 35 5 0
33 36 0 8
33 37 2 0
33 38 0 6
33 39 6 0
33 40 0 6
33 41 8 0
33 42 0 2
33 43 8 0
33 44 0 5
33 45 4 0
33 46 0 5
33 47 3 0
33 48 0 5
33 49 2 0
33 50 0 9
33 51 4 0
33 52 0 3
33 53 1 0
33 54 0 6
33 55 3 0
33 56 0 5
33 57 2 0
33 58 0 2
33 59 1 0
34 0 0 4
34 1 2 0
34 2 0 4
34 3 8 0
34 4 0 4
34 5 2 0
34 6 0 1
34 7 1 0
34 8 0 4
34 9 9 0
34 10 0 0
34 11 5 0
34 12 0 2
34 13 6 0
34 14 0 5
34 15 1 0
34 16 0 6
34 17 2 0
34 18 0 2
34 19 6 0
34 20 0 0
34 21 1 0
34 22 0 6
34 23 1 0
34 24 0 0
34 25 8 0
34 26 0 4
34 27 4 0
34 28 0 0
34 29 6 0
34 30 0 8
34 31 5 0
34 32 0 7
34 33 5 0
34 34 0 7
34 35 1 0
34 36 0 3
34 37 1 0
34 38 0 4
34 39 8 0
34 40 0 8
34 41 4 0
34 42 0 4
34 43 8 0
34 44 0 0
34 45 9 0
34 46 0 0
34 47 2 0
34 48 0 8
34 49 8 0
34 50 0 2
34 51 3 0
34 52 0 0
34 53 3 0
34 54 0 0
34 55 7 0
34 56 0 1
34 57 4 0
34 58 0 2
34 59 9 0
35 0 0 8
35 1 8 0
35 2 0 8
35 3 8 0
35 4 0 0
35 5 9 0
35 6 0 6
35 7 4 0
35 8 0 7
35 9 9 0
35 10 0 5
35 11 9 0
35 12 0 1
35 13 6 0
35 14 0 0
35 15 2 0
35 16 0 5
35 17 1 0
35 18 0 8
35 19 1 0
35 20 0 1
35 21 7 0
35 22 0 3
35 23 3 0
35 24 0 7
35 25 0 0
35 26 0 7
35 27 2 0
35 28 0 0
35 29 1 0
35 30 0 4
35 31 1 0
35 32 0 4
35 33 3 0
35 34 0 8
35 35 9 0
35 36 0 0
35 37 0 0
35 38 0 8
35 39 6 0
35 40 0 9
35 41 9 0
35 42 0 9
35 43 2 0
35 44 0 6
35 45 8 0
35 46 0 1
35 47 6 0
35 48 0 5
35 49 2 0
35 50 0 5
35 51 0 0
35 52 0 0
35 53 6 0
35 54 0 4
35 55 7 0
35 56 0 5
35 57 4 0
35 58 0 2
35 59 6 0
36 0 0 1
36 1 9 0
36 2 0 4
36 3 1 0
36 4 0 2
36 5 8 0
36 6 0 0
36 7 7 0
36 8 0 4
36 9 1 0
36 10 0 5
36 11 4 0
36 12 0 0
36 13 1 0
36 14 0 2
36 15 2 0
36 16 0 5
36 17 4 0
36 18 0 8
36 19 8 0
36 20 0 0
36 21 3 0
36 22 0 2
36 23 1 0
36 24 0 0
36 25 9 0
36 26 0 3
36 27 3 0
36 28 0 9
36 29 5 0
36 30 0 7
36 31 3 0
36 32 0 2
36 33 3 0
36 34 0 7
36 35 9 0
36 36 0 6
36 37 7 0
36 38 0 3
36 39 0 0
36 40 0 6
36 41 8 0
36 42 0 5
36 43 4 0
36 44 0 2
36 45 3 0
36 46 0 0
36 47 1 0
36 48 0 6
36 49 8 0
36 50 0 3
36 51 6 0
36 52 0 5
36 53 7 0
36 54 0 0
36 55 7 0
36 56 0 9
36 57 2 0
36 58 0 8
36 59 1 0
37 0 0 4
37 1 1 0
37 2 0 6
37 3 3 0
37 4 0 3
37 5 4 0
37 6 0 7
37 7 5 0
37 8 0 5
37 9 5 0
37 10 0 2
37 11 2 0
37 12 0 2
37 13 0 0
37 14 0 6
37 15 6 0
37 16 0 6
37 17 4 0
37 18 0 2
37 19 1 0
37 20 0 6
37 21 7 0
37 22 0 8
37 23 2 0
37 24 0 8
37 25 2 0
37 26 0 5
37 27 9 0
37 28 0 5
37 29 4 0
37 30 0 0
37 31 2 0
37 32 0 8
37 33 0 0
37 34 0 7
37 35 5 0
37 36 0 0
37 37 3 0
37 38 0 0
37 39 4 0
37 40 0 0
37 41 7 0
37 42 0 9
37 43 6 0
37 44 0 9
37 45 1 0
37 46 0 9
37 47 5 0
37 48 0 0
37 49 9 0
37 50 0 3
37 51 1 0
37 52 0 6
37 53 2 0
37 54 0 6
37 55 1 0
37 56 0 5
37 57 8 0
37 58 0 9
37 59 8 0
38 0 0 7
38 1 6 0
38 2 0 4
38 3 7 0
38 4 0 9
38 5 3 0
38 6 0 6
38 7 4 0
38 8 0 6
38 9 4 0
38 10 0 1
38 11 3 0
38 12 0 7
38 13 9 0
38 14 0 2
38 15 5 0
38 16 0 9
38 17 8 0
38 18 0 7
38 19 0 0
38 20 0 0
38 21 4 0
38 22 0 9
38 23 2 0
38 24 0 4
38 25 1 0
38 26 0 9
38 27 4 0
38 28 0 8
38 29 2 0
38 30 0 2
38 31 8 0
38 32 0 2
38 33 8 0
38 34 0 0
38 35 2 0
38 36 0 0
38 37 6 0
38 38 0 7
38 39 2 0
38 40 0 9
38 41 7 0
38 42 0 1
38 43 6 0
38 44 0 0
38 45 5 0
38 46 0 6
38 47 5 0
38 48 0 1
38 49 0 0
38 50 0 9
38 51 9 0
38 52 0 4
38 53 5 0
38 54 0 8
38 55 5 0
38 56 0 4
38 57 4 0
38 58 0 0
38 59 7 0
39 0 0 7
39 1 1 0
39 2 0 1
39 3 7 0
39 4 0 0
39 5 3 0
39 6 0 6
39 7 9 0
39 8 0 6
39 9 1 0
39 10 0 7
39 11 3 0
39 12 0 0
39 13 6 0
39 14 0 0
39 15 3 0
39 16 0 8
39 17 1 0
39 18 0 5
39 19 0 0
39 20 0 8
39 21 2 0
39 22 0 3
39 23 7 0
39 24 0 4
39 25 9 0
39 26 0 5
39 27 0 0
39 28 0 1
39 29 2 0
39 30 0 0
39 31 3 0
39 32 0 8
39 33 3 0
39 34 0 5
39 35 0 0
39 36 0 8
39 37 7 0
39 38 0 1
39 39 8 0
39 40 0 7
39 41 3 0
39 42 0 2
39 43 6 0
39 44 0 4
39 45 0 0
39 46 0 7
39 47 5 0
39 48 0 2
39 49 0 0
39 50 0 8
39 51 7 0
39 52 0 0
39 53 9 0
39 54 0 5
39 55 2 0
39 56 0 2
39 57 4 0
39 58 0 7
39 59 5 0
40 0 0 2
40 1 5 0
40 2 0 1
40 3 5 0
40 4 0 2
40 5 6 0
40 6 0 8
40 7 5 0
40 8 0 2
40 9 8 0
40 10 0 4
40 11 0 0
40 12 0 1
40 13 5 0
40 14 0 5
40 15 1 0
40 16 0 3
40 17 4 0
40 18 0 2
40 19 2 0
40 20 0 8
40 21 3 0
40 22 0 4
40 23 5 0
40 24 0 5
40 25 0 0
40 26 0 4
40 27 0 0
40 28 0 7
40 29 4 0
40 30 0 0
40 31 4 0
40 32 0 2
40 33 0 0
40 34 0 3
40 35 7 0
40 36 0 9
40 37 7 0
40 38 0 5
40 39 9 0
40 40 0 2
40 41 9 0
40 42 0 1
40 43 2 0
40 44 0 9
40 45 5 0
40 46 0 3
40 47 5 0
40 48 0 7
40 49 0 0
40 50 0 5
40 51 9 0
40 52 0 0
40 53 9 0
40 54 0 3
40 55 1 0
40 56 0 6
40 57 3 0
40 58 0 0
40 59 4 0
41 0 0 3
41 1 7 0
41 2 0 3
41 3 8 0
41 4 0 8
41 5 8 0
41 6 0 3
41 7 3 0
41 8 0 6
41 9 5 0
41 10 0 7
41 11 8 0
41 12 0 8
41 13 9 0
41 14 0 2
41 15 7 0
41 16 0 6
41 17 9 0
41 18 0 6
41 19 5 0
41 20 0 4
41 21 9 0
41 22 0 4
41 23 3 0
41 24 0 6
41 25 6 0
41 26 0 9
41 27 8 0
41 28 0 4
41 29 7 0
41 30 0 4
41 31 5 0
41 32 0 9
41 33 7 0
41 34 0 8
41 35 4 0
41 36 0 9
41 37 7 0
41 38 0 0
41 39 5 0
41 40 0 0
41 41 4 0
41 42 0 6
41 43 0 0
41 44 0 2
41 45 0 0
41 46 0 4
41 47 1 0
41 48 0 4
41 49 0 0
41 50 0 2
41 51 9 0
41 52 0 5
41 53 1 0
41 54 0 1
41 55 8 0
41 56 0 8
41 57 8 0
41 58 0 7
41 59 3 0
42 0 0 7
42 1 1 0
42 2 0 8
42 3 6 0
42 4 0 7
42 5 4 0
42 6 0 5
42 7 4 0
42 8 0 0
42 9 9 0
42 10 0 8
42 11 8 0
42 12 0 9
42 13 6 0
42 14 0 4
42 15 1 0
42 16 0 0
42 17 2 0
42 18 0 8
42 19 0 0
42 20 0 9
42 21 5 0
42 22 0 0
42 23 5 0
42 24 0 7
42 25 2 0
42 26 0 4
42 27 0 0
42 28 0 2
42 29 2 0
42 30 0 2
42 31 7 0
42 32 0 9
42 33 1 0
42 34 0 2
42 35 6 0
42 36 0 7
42 37 1 0
42 38 0 9
42 39 9 0
42 40 0 9
42 41 2 0
42 42 0 5
42 43 5 0
42 44 0 3
42 45 8 0
42 46 0 7
42 47 7 0
42 48 0 3
42 49 6 0
42 50 0 0
42 51 7 0
42 52 0 2
42 53 2 0
42 54 0 1
42 55 6 0
42 56 0 0
42 57 4 0
42 58 0 4
42 59 8 0
43 0 0 3
43 1 0 0
43 2 0 0
43 3 8 0
43 4 0 9
43 5 7 0
43 6 0 8
43 7 2 0
43 8 0 4
43 9 9 0
43 10 0 1
43 11 1 0
43 12 0 2
43 13 8 0
43 14 0 0
43 15 2 0
43 16 0 4
43 17 7 0
43 18 0 4
43 19 6 0
43 20 0 5
43 21 3 0
43 22 0 0
43 23 6 0
43 24 0 0
43 25 4 0
43 26 0 1
43 27 1 0
43 28 0 7
43 29 5 0
43 30 0 9
43 31 7 0
43 32 0 5
43 33 1 0
43 34 0 5
43 35 4 0
43 36 0 5
43 37 8 0
43 38 0 6
43 39 5 0
43 40 0 5
43 41 8 0
43 42 0 0
43 43 6 0
43 44 0 8
43 45 1 0
43 46 0 7
43 47 0 0
43 48 0 3
43 49 9 0
43 50 0 2
43 51 5 0
43 52 0 8
43 53 4 0
43 54 0 6
43 55 6 0
43 56 0 1
43 57 3 0
43 58 0 0
43 59 4 0
44 0 0 1
44 1 9 0
44 2 0 9
44 3 1 0
44 4 0 2
44 5 7 0
44 6 0 6
44 7 6 0
44 8 0 1
44 9 8 0
44 10 0 6
44 11 7 0
44 12 0 5
44 13 2 0
44 14 0 8
44 15 9 0
44 16 0 0
44 17 7 0
44 18 0 5
44 19 1 0
44 20 0 7
44 21 2 0
44 22 0 9
44 23 8 0
44 24 0 5
44 25 8 0
44 26 0 4
44 27 6 0
44 28 0 7
44 29 3 0
44 30 0 8
44 31 1 0
44 32 0 6
44 33 1 0
44 34 0 5
44 35 8 0
44 36 0 3
44 37 6 0
44 38 0 2
44 39 5 0
44 40 0 7
44 41 1 0
44 42 0 1
44 43 9 0
44 44 0 0
44 45 0 0
44 46 0 7
44 47 9 0
44 48 0 6
44 49 1 0
44 50 0 3
44 51 3 0
44 52 0 5
44 53 7 0
44 54 0 2
44 55 4 0
44 56 0 3
44 57 0 0
44 58 0 6
44 59 6 0
45 0 0 5
45 1 2 0
45 2 0 4
45 3 3 0
45 4 0 0
45 5 7 0
45 6 0 4
45 7 5 0
45 8 0 1
45 9 0 0
45 10 0 3
45 11 5 0
45 12 0 1
45 13 3 0
45 14 0 9
45 15 5 0
45 16 0 6
45 17 2 0
45 18 0 7
45 19 7 0
45 20 0 6
45 21 6 0
45 22 0 3
45 23 8 0
45 24 0 9
45 25 9 0
45 26 0 2
45 27 2 0
45 28 0 8
45 29 5 0
45 30 0 6
45 31 8 0
45 32 0 1
45 33 8 0
45 34 0 7
45 35 3 0
45 36 0 1
45 37 6 0
45 38 0 8
45 39 5 0
45 40 0 0
45 41 7 0
45 42 0 3
45 43 1 0
45 44 0 9
45 45 2 0
45 46 0 3
45 47 7 0
45 48 0 1
45 49 5 0
45 50 0 5
45 51 9 0
45 52 0 3
45 53 8 0
45 54 0 7
45 55 6 0
45 56 0 3
45 57 4 0
45 58 0 1
45 59 2 0
46 0 0 1
46 1 9 0
46 2 0 9
46 3 9 0
46 4 0 8
46 5 1 0
46 6 0 6
46 7 3 0
46 8 0 8
46 9 4 0
46 10 0 8
46 11 7 0
46 12 0 4
46 13 1 0
46 14 0 7
46 15 9 0
46 16 0 6
46 17 6 0
46 18 0 6
46 19 8 0
46 20 0 0
46 21 6 0
46 22 0 6
46 23 3 0
46 24 0 4
46 25 9 0
46 26 0 9
46 27 7 0
46 28 0 0
46 29 4 0
46 30 0 1
46 31 8 0
46 32 0 8
46 33 1 0
46 34 0 8
46 35 1 0
46 36 0 1
46 37 0 0
46 38 0 9
46 39 9 0
46 40 0 6
46 41 7 0
46 42 0 8
46 43 6 0
46 44 0 0
46 45 7 0
46 46 0 0
46 47 7 0
46 48 0 5
46 49 4 0
46 50 0 2
46 51 9 0
46 52 0 0
46 53 9 0
46 54 0 4
46 55 3 0
46 56 0 9
46 57 6 0
46 58 0 9
46 59 0 0
47 0 0 8
47 1 4 0
47 2 0 8
47 3 0 0
47 4 0 7
47 5 1 0
47 6 0 3
47 7 2 0
47 8 0 4
47 9 3 0
47 10 0 4
47 11 0 0
47 12 0 5
47 13 6 0
47 14 0 2
47 15 7 0
47 16 0 3
47 17 1 0
47 18 0 0
47 19 8 0
47 20 0 6
47 21 2 0
47 22 0 9
47 23 2 0
47 24 0 3
47 25 0 0
47 26 0 1
47 27 4 0
47 28 0 2
47 29 4 0
47 30 0 1
47 31 1 0
47 32 0 8
47 33 3 0
47 34 0 1
47 35 3 0
47 36 0 7
47 37 7 0
47 38 0 1
47 39 4 0
47 40 0 7
47 41 0 0
47 42 0 2
47 43 2 0
47 44 0 4
47 45 2 0
47 46 0 0
47 47 1 0
47 48 0 7
47 49 8 0
47 50 0 7
47 51 9 0
47 52 0 1
47 53 3 0
47 54 0 3
47 55 1 0
47 56 0 2
47 57 8 0
47 58 0 0
47 59 3 0
48 0 0 0
48 1 5 0
48 2 0 5
48 3 1 0
48 4 0 5
48 5 7 0
48 6 0 7
48 7 6 0
48 8 0 5
48 9 8 0
48 10 0 4
48 11 5 0
48 12 0 9
48 13 8 0
48 14 0 1
48 15 7 0
48 16 0 4
48 17 8 0
48 18 0 0
48 19 6 0
48 20 0 6
48 21 0 0
48 22 0 0
48 23 8 0
48 24 0 7
48 25 2 0
48 26 0 9
48 27 9 0
48 28 0 0
48 29 9 0
48 30 0 8
48 31 4 0
48 32 0 2
48 33 5 0
48 34 0 6
48 35 6 0
48 36 0 3
48 37 2 0
48 38 0 4
48 39 9 0
48 40 0 2
48 41 7 0
48 42 0 4
48 43 7 0
48 44 0 1
48 45 8 0
48 46 0 4
48 47 9 0
48 48 0 1
48 49 8 0
48 50 0 2
48 51 6 0
48 52 0 7
48 53 7 0
48 54 0 4
48 55 9 0
48 56 0 8
48 57 7 0
48 58 0 4
48 59 7 0
49 0 0 1
49 1 7 0
49 2 0 1
49 3 4 0
49 4 0 2
49 5 1 0
49 6 0 5
49 7 8 0
49 8 0 6
49 9 1 0
49 10 0 1
49 11 9 0
49 12 0 2
49 13 8 0
49 14 0 8
49 15 5 0
49 16 0 4
49 17 8 0
49 18 0 4
49 19 8 0
49 20 0 9
49 21 8 0
49 22 0 5
49 23 2 0
49 24 0 5
49 25 3 0
49 26 0 3
49 27 5 0
49 28 0 5
49 29 8 0
49 30 0 3
49 31 7 0
49 32 0 5
49 33 4 0
49 34 0 8
49 35 5 0
49 36 0 9
49 37 2 0
49 38 0 2
49 39 3 0
49 40 0 4
49 41 9 0
49 42 0 3
49 43 3 0
49 44 0 7
49 45 1 0
49 46 0 7
49 47 5 0
49 48 0 7
49 49 7 0
49 50 0 3
49 51 0 0
49 52 0 0
49 53 6 0
49 54 0 9
49 55 3 0
49 56 0 2
49 57 2 0
49 58 0 3
49 59 9 0
50 0 0 7
50 1 2 0
50 2 0 4
50 3 2 0
50 4 0 4
50 5 8 0
50 6 0 1
50 7 9 0
50 8 0 7
50 9 8 0
50 10 0 9
50 11 9 0
50 12 0 4
50 13 2 0
50 14 0 0
50 15 7 0
50 16 0 9
50 17 1 0
50 18 0 3
50 19 4 0
50 20 0 9
50 21 3 0
50 22 0 7
50 23 6 0
50 24 0 3
50 25 1 0
50 26 0 4
50 27 3 0
50 28 0 7
50 29 8 0
50 30 0 1
50 31 9 0
50 32 0 2
50 33 7 0
50 34 0 7
50 35 2 0
50 36 0 9
50 37 3 0
50 38 0 2
50 39 5 0
50 40 0 8
50 41 9 0
50 42 0 3
50 43 8 0
50 44 0 3
50 45 0 0
50 46 0 8
50 47 7 0
50 48 0 5
50 49 1 0
50 50 0 2
50 51 3 0
50 52 0 9
50 53 6 0
50 54 0 1
50 55 3 0
50 56 0 9
50 57 8 0
50 58 0 1
50 59 8 0
51 0 0 2
51 1 0 0
51 2 0 8
51 3 7 0
51 4 0 6
51 5 5 0
51 6 0 5
51 7 5 0
51 8 0 3
51 9 2 0
51 10 0 2
51 11 2 0
51 12 0 3
51 13 2 0
51 14 0 0
51 15 7 0
51 16 0 8
51 17 0 0
51 18 0 5
51 19 0 0
51 20 0 4
51 21 7 0
51 22 0 5
51 23 8 0
51 24 0 5
51 25 5 0
51 26 0 9
51 27 7 0
51 28 0 4
51 29 5 0
51 30 0 7
51 31 7 0
51 32 0 3
51 33 8 0
51 34 0 4
51 35 8 0
51 36 0 6
51 37 8 0
51 38 0 8
51 39 8 0
51 40 0 2
51 41 2 0
51 42 0 2
51 43 5 0
51 44 0 3
51 45 1 0
51 46 0 9
51 47 2 0
51 48 0 9
51 49 1 0
51 50 0 2
51 51 4 0
51 52 0 0
51 53 9 0
51 54 0 9
51 55 5 0
51 56 0 5
51 57 1 0
51 58 0 1
51 59 8 0
52 0 0 9
52 1 9 0
52 2 0 2
52 3 5 0
52 4 0 5
52 5 1 0
52 6 0 9
52 7 5 0
52 8 0 3
52 9 0 0
52 10 0 9
52 11 6 0
52 12 0 5
52 13 7 0
52 14 0 6
52 15 8 0
52 16 0 0
52 17 3 0
52 18 0 5
52 19 8 0
52 20 0 8
52 21 7 0
52 22 0 2
52 23 3 0
52 24 0 9
52 25 8 0
52 26 0 4
52 27 9 0
52 28 0 8
52 29 9 0
52 30 0 7
52 31 3 0
52 32 0 3
52 33 6 0
52 34 0 9
52 35 4 0
52 36 0 1
52 37 3 0
52 38 0 4
52 39 2 0
52 40 0 7
52 41 7 0
52 42 0 4
52 43 0 0
52 44 0 4
52 45 9 0
52 46 0 0
52 47 9 0
52 48 0 8
52 49 9 0
52 50 0 4
52 51 5 0
52 52 0 0
52 53 8 0
52 54 0 7
52 55 9 0
52 56 0 0
52 57 3 0
52 58 0 6
52 59 0 0
53 0 0 3
53 1 8 0
53 2 0 7
53 3 0 0
53 4 0 6
53 5 4 0
53 6 0 2
53 7 6 0
53 8 0 9
53 9 0 0
53 10 0 0
53 11 5 0
53 12 0 2
53 13 6 0
53 14 0 9
53 15 5 0
53 16 0 9
53 17 9 0
53 18 0 4
53 19 0 0
53 20 0 6
53 21 5 0
53 22 0 8
53 23 9 0
53 24 0 3
53 25 3 0
53 26 0 0
53 27 2 0
53 28 0 0
53 29 8 0
53 30 0 4
53 31 3 0
53 32 0 0
53 33 1 0
53 34 0 7
53 35 0 0
53 36 0 6
53 37 1 0
53 38 0 5
53 39 4 0
53 40 0 3
53 41 6 0
53 42 0 5
53 43 9 0
53 44 0 5
53 45 7 0
53 46 0 2
53 47 0 0
53 48 0 6
53 49 7 0
53 50 0 2
53 51 0 0
53 52 0 9
53 53 5 0
53 54 0 8
53 55 6 0
53 56 0 4
53 57 7 0
53 58 0 3
53 59 6 0
54 0 0 7
54 1 0 0
54 2 0 7
54 3 1 0
54 4 0 5
54 5 3 0
54 6 0 8
54 7 6 0
54 8 0 6
54 9 1 0
54 10 0 6
54 11 5 0
54 12 0 9
54 13 7 0
54 14 0 1
54 15 5 0
54 16 0 6
54 17 9 0
54 18 0 3
54 19 8 0
54 20 0 9
54 21 8 0
54 22 0 8
54 23 2 0
54 24 0 5
54 25 6 0
54 26 0 7
54 27 2 0
54 28 0 4
54 29 8 0
54 30 0 2
54 31 2 0
54 32 0 0
54 33 3 0
54 34 0 5
54 35 7 0
54 36 0 1
54 37 6 0
54 38 0 9
54 39 0 0
54 40 0 8
54 41 4 0
54 42 0 5
54 43 3 0
54 44 0 7
54 45 9 0
54 46 0 7
54 47 9 0
54 48 0 9
54 49 9 0
54 50 0 8
54 51 3 0
54 52 0 4
54 53 7 0
54 54 0 5
54 55 2 0
54 56 0 8
54 57 9 0
54 58 0 7
54 59 9 0
55 0 0 5
55 1 6 0
55 2 0 7
55 3 8 0
55 4 0 7
55 5 5 0
55 6 0 2
55 7 4 0
55 8 0 1
55 9 5 0
55 10 0 8
55 11 6 0
55 12 0 8
55 13 5 0
55 14 0 2
55 15 8 0
55 16 0 7
55 17 5 0
55 18 0 4
55 19 5 0
55 20 0 2
55 21 5 0
55 22 0 2
55 23 8 0
55 24 0 0
55 25 2 0
55 26 0 3
55 27 9 0
55 28 0 1
55 29 0 0
55 30 0 0
55 31 6 0
55 32 0 7
55 33 8 0
55 34 0 0
55 35 1 0
55 36 0 4
55 37 9 0
55 38 0 1
55 39 5 0
55 40 0 7
55 41 2 0
55 42 0 5
55 43 7 0
55 44 0 4
55 45 2 0
55 46 0 6
55 47 3 0
55 48 0 2
55 49 1 0
55 50 0 2
55 51 8 0
55 52 0 7
55 53 5 0
55 54 0 9
55 55 1 0
55 56 0 9
55 57 1 0
55 58 0 2
55 59 3 0
56 0 0 3
56 1 3 0
56 2 0 9
56 3 9 0
56 4 0 8
56 5 9 0
56 6 0 5
56 7 0 0
56 8 0 5
56 9 6 0
56 10 0 5
56 11 7 0
56 12 0 7
56 13 7 0
56 14 0 9
56 15 6 0
56 16 0 4
56 17 3 0
56 18 0 7
56 19 7 0
56 20 0 8
56 21 4 0
56 22 0 3
56 23 1 0
56 24 0 4
56 25 0 0
56 26 0 8
56 27 8 0
56 28 0 1
56 29 7 0
56 30 0 7
56 31 2 0
56 32 0 8
56 33 5 0
56 34 0 3
56 35 8 0
56 36 0 5
56 37 1 0
56 38 0 7
56 39 9 0
56 40 0 8
56 41 4 0
56 42 0 0
56 43 4 0
56 44 0 2
56 45 5 0
56 46 0 6
56 47 5 0
56 48 0 6
56 49 5 0
56 50 0 5
56 51 2 0
56 52 0 9
56 53 4 0
56 54 0 4
56 55 0 0
56 56 0 2
56 57 4 0
56 58 0 2
56 59 0 0
57 0 0 1
57 1 1 0
57 2 0 7
57 3 1 0
57 4 0 6
57 5 7 0
57 6 0 8
57 7 2 0
57 8 0 5
57 9 6 0
57 10 0 4
57 11 6 0
57 12 0 1
57 13 7 0
57 14 0 7
57 15 0 0
57 16 0 6
57 17 7 0
57 18 0 1
57 19 0 0
57 20 0 3
57 21 1 0
57 22 0 7
57 23 8 0
57 24 0 0
57 25 3 0
57 26 0 0
57 27 6 0
57 28 0 6
57 29 9 0
57 30 0 1
57 31 2 0
57 32 0 6
57 33 3 0
57 34 0 4
57 35 9 0
57 36 0 2
57 37 7 0
57 38 0 4
57 39 8 0
57 40 0 9
57 41 8 0
57 42 0 3
57 43 5 0
57 44 0 7
57 45 4 0
57 46 0 8
57 47 2 0
57 48 0 2
57 49 3 0
57 50 0 7
57 51 0 0
57 52 0 1
57 53 5 0
57 54 0 6
57 55 8 0
57 56 0 6
57 57 1 0
57 58 0 5
57 59 7 0
58 0 0 0
58 1 1 0
58 2 0 5
58 3 2 0
58 4 0 0
58 5 5 0
58 6 0 8
58 7 5 0
58 8 0 3
58 9 7 0
58 10 0 4
58 11 6 0
58 12 0 7
58 13 1 0
58 14 0 2
58 15 9 0
58 16 0 4
58 17 8 0
58 18 0 1
58 19 2 0
58 20 0 7
58 21 0 0
58 22 0 8
58 23 0 0
58 24 0 3
58 25 8 0
58 26 0 0
58 27 1 0
58 28 0 3
58 29 6 0
58 30 0 3
58 31 5 0
58 32 0 0
58 33 2 0
58 34 0 6
58 35 9 0
58 36 0 2
58 37 9 0
58 38 0 6
58 39 1 0
58 40 0 5
58 41 4 0
58 42 0 8
58 43 7 0
58 44 0 3
58 45 3 0
58 46 0 1
58 47 7 0
58 48 0 2
58 49 6 0
58 50 0 5
58 51 9 0
58 52 0 9
58 53 8 0
58 54 0 8
58 55 2 0
58 56 0 3
58 57 1 0
58 58 0 0
58 59 1 0
59 0 0 3
59 1 2 0
59 2 0 5
59 3 5 0
59 4 0 5
59 5 4 0
59 6 0 5
59 7 5 0
59 8 0 5
59 9 8 0
59 10 0 3
59 11 7 0
59 12 0 6
59 13 9 0
59 14 0 3
59 15 4 0
59 16 0 0
59 17 0 0
59 18 0 6
59 19 3 0
59 20 0 8
59 21 1 0
59 22 0 7
59 23 4 0
59 24 0 6
59 25 5 0
59 26 0 2
59 27 0 0
59 28 0 5
59 29 6 0
59 30 0 3
59 31 6 0
59 32 0 7
59 33 6 0
59 34 0 0
59 35 2 0
59 36 0 5
59 37 2 0
59 38 0 1
59 39 2 0
59 40 0 9
59 41 1 0
59 42 0 5
59 43 1 0
59 44 0 3
59 45 8 0
59 46 0 6
59 47 9 0
59 48 0 0
59 49 5 0
59 50 0 3
59 51 8 0
59 52 0 9
59 53 6 0
59 54 0 5
59 55 3 0
59 56 0 1
59 57 2 0
59 58 0 2
59 59 9 0