8 17 19 37
7 5 31 62
8 18 16 31
7 6 8 16
8 15 13 24
7 7 12 23
8 16 11 21
7 8 21 43
10 10 35 69
7 9 16 32
10 11 28 55
10 12 30 58
10 13 32 65
8 10 36 72
15 21 4 6
8 13 7 15
15 20 4 8
8 14 13 25
8 11 29 59
8 12 5 11
21 4 2 2
21 3 9 16
21 2 3 4
21 0 18 34
10 14 86 101
10 15 52 171
10 16 6 25
10 17 14 11
10 18 21 39
10 19 7 12
21 7 5 9
21 6 3 5
21 5 15 26
10 20 38 73
10 21 3 4
10 22 5 9
17 8 3 6
17 7 19 36
17 6 3 4
8 20 2 3
3 16 4 6
3 14 4 6
3 13 8 14
3 12 10 19
3 11 5 42
3 10 22 7
17 5 4 7
17 4 7 13
17 3 8 13
6 1 16 29
6 2 6 9
6 5 5 8
6 6 13 26
6 7 30 59
6 8 13 25
6 9 21 40
20 4 4 5
20 3 7 12
20 2 7 13
20 1 8 11
20 0 5 9
20 9 7 11
20 8 2 2
20 7 9 18
15 14 21 41
9 18 16 37
9 19 18 32
15 13 17 34
15 12 20 39
9 16 7 16
9 17 34 68
15 11 18 36
15 18 7 10
15 17 5 15
16 9 24 47
15 16 15 30
21 15 8 16
16 8 5 10
15 15 19 38
21 14 5 9
16 7 18 36
9 10 24 48
9 11 34 68
9 14 42 84
15 10 6 12
9 15 11 23
9 12 33 64
9 13 30 60
21 13 16 32
16 6 9 19
21 12 4 9
16 5 5 20
15 19 8 16
5 2 15 30
16 3 6 12
5 3 3 6
16 2 6 11
5 4 8 16
16 1 1 1
5 6 22 45
14 12 5 9
5 7 7 14
4 11 22 43
4 12 21 42
14 13 25 49
5 8 49 96
14 10 16 30
5 9 2 2
4 14 10 21
14 11 16 31
14 16 8 17
20 16 3 4 
14 17 2 4
4 16 18 37
20 15 2 3
14 14 28 56
20 14 11 21
14 15 18 35
20 13 2 4
9 21 3 6
9 22 2 5
9 20 5 9
4 10 18 35
14 18 20 41
20 10 1 2
14 19 3 5
14 21 18 34
15 9 8 17
15 8 11 22
14 20 3 7
4 0 43 87
15 7 35 70
4 1 11 21
15 6 13 25
4 2 14 29
15 5 7 15
4 3 19 39
4 4 5 11
4 5 9 20
4 6 5 10
13 22 17 33
4 8 7 13
4 9 15 29
13 20 31 61
13 21 7 14
5 12 14 28
5 13 18 37
5 14 16 31
5 15 4 8
5 16 26 53
5 19 4 8
14 9 16 31
19 12 2 2
19 11 2 3
19 14 1 3
19 13 17 34
5 10 6 12
5 11 6 14
14 8 23 46
14 6 8 14
14 5 2 3
3 6 8 15
3 8 12 25
18 18 12 23
18 14 6 13
18 15 7 15
18 16 3 5
18 17 1 3
18 10 16 30
18 11 3 6
18 12 23 47
0 11 14 28
18 13 28 55
13 11 1 2
13 12 31 64
13 10 3 7
13 15 25 49
13 16 11 23
13 13 66 130
13 14 56 113
13 19 13 27
13 9 26 50
13 8 39 78
13 17 2 5
13 18 10 21
13 6 13 27
2 6 4 8
13 4 2 3
2 7 12 22
2 8 10 19
6 14 8 15
6 13 1 1
12 11 25 50
6 16 10 19
12 10 9 19
6 15 17 33
12 13 39 80
12 12 93 187
6 17 11 21
12 15 7 16
12 14 12 25
6 10 3 5
6 12 14 29
6 11 12 23
12 17 2 4
12 16 11 21
12 19 24 46
12 18 6 12
24 6 5 8
24 5 3 6
12 20 2 6
12 22 2 4
12 21 7 15
1 10 11 23
1 11 9 19
12 9 33 65
12 8 18 36
12 7 5 9
1 7 2 5
1 8 8 17
12 4 4 9
9 4 10 21
11 21 20 42
9 5 18 36
11 20 15 30
11 23 7 15
11 22 6 14
9 8 28 55
9 9 5 12
23 9 3 5
23 8 7 12
23 6 12 24
23 5 8 14
7 15 37 73
17 18 23 46
7 14 32 63
17 19 11 22
7 17 9 18
19 9 1 2
7 16 8 17
19 8 7 12
17 13 39 79
17 14 26 52
19 6 2 2
17 15 17 33
17 16 2 5
17 10 6 13
17 11 1 1
17 12 37 74
7 11 2 5
7 10 18 36
7 13 19 37
7 12 8 17
11 3 4 6
19 2 2 4
11 9 12 24
19 1 7 14
11 8 16 32
19 0 2 5
11 7 7 14
0 8 3 7
11 6 2 6
0 9 1 1
11 5 1 1 
11 4 10 20
16 15 18 36
8 4 3 6
16 14 40 81
8 5 3 7
16 13 35 71
16 12 26 53
16 19 12 23
8 8 37 75
16 18 30 61
8 9 29 59
16 17 11 23
16 16 18 35
2 14 4 7
16 11 8 15
16 10 7 15
2 11 10 20
2 10 4 8
22 3 6 11
22 2 8 15
22 1 11 23
22 0 8 16
22 14 2 5
22 13 4 8
22 8 5 10
22 7 5 11
22 6 2 5
22 5 9 19
22 4 6 11
11 12 46 92
18 8 12 22
11 11 3 5
11 14 30 62
11 13 39 78
18 5 10 20
16 21 5 11
16 20 21 43
10 3 8 16
10 4 8 17
11 16 14 26
18 4 9 16
11 15 42 82
18 3 3 4
11 18 9 18
10 9 37 74
11 17 1 3
10 7 12 25
7 1 7 14
11 19 11 23
10 8 28 56
7 2 41 83
10 5 9 17
7 3 9 18
10 6 11 21
7 4 7 16
0 0 0 0
0 1 0 0
0 2 0 0
0 3 0 0
0 4 0 0
0 5 0 0
0 6 0 0
0 7 0 0
0 10 0 0
0 12 0 0
0 13 0 0
0 14 0 0
0 15 0 0
0 16 0 0
0 17 0 0
0 18 0 0
0 19 0 0
0 20 0 0
0 21 0 0
0 22 0 0
0 23 0 0
1 0 0 0
1 1 0 0
1 2 0 0
1 3 0 0
1 4 0 0
1 5 0 0
1 6 0 0
1 9 0 0
1 12 0 0
1 13 0 0
1 14 0 0
1 15 0 0
1 16 0 0
1 17 0 0
1 18 0 0
1 19 0 0
1 20 0 0
1 21 0 0
1 22 0 0
1 23 0 0
2 0 0 0
2 1 0 0
2 2 0 0
2 3 0 0
2 4 0 0
2 5 0 0
2 9 0 0
2 12 0 0
2 13 0 0
2 15 0 0
2 16 0 0
2 17 0 0
2 18 0 0
2 19 0 0
2 20 0 0
2 21 0 0
2 22 0 0
2 23 0 0
3 0 0 0
3 1 0 0
3 2 0 0
3 3 0 0
3 4 0 0
3 5 0 0
3 7 0 0
3 9 0 0
3 15 0 0
3 17 0 0
3 18 0 0
3 19 0 0
3 20 0 0
3 21 0 0
3 22 0 0
3 23 0 0
4 7 0 0
4 13 0 0
4 15 0 0
4 17 0 0
4 18 0 0
4 19 0 0
4 20 0 0
4 21 0 0
4 22 0 0
4 23 0 0
5 0 0 0
5 1 0 0
5 5 0 0
5 17 0 0
5 18 0 0
5 20 0 0
5 21 0 0
5 22 0 0
5 23 0 0
6 0 0 0
6 3 0 0
6 4 0 0
6 18 0 0
6 19 0 0
6 20 0 0
6 21 0 0
6 22 0 0
6 23 0 0
7 0 0 0
7 18 0 0
7 19 0 0
7 20 0 0
7 21 0 0
7 22 0 0
7 23 0 0
8 0 0 0
8 1 0 0
8 2 0 0
8 3 0 0
8 6 0 0
8 7 0 0
8 19 0 0
8 21 0 0
8 22 0 0
8 23 0 0
9 0 0 0
9 1 0 0
9 2 0 0
9 3 0 0
9 6 0 0
9 7 0 0
9 23 0 0
10 0 0 0
10 1 0 0
10 2 0 0
10 23 0 0
11 0 0 0
11 1 0 0
11 2 0 0
11 10 0 0
12 0 0 0
12 1 0 0
12 2 0 0
12 3 0 0
12 5 0 0
12 6 0 0
12 23 0 0
13 0 0 0
13 1 0 0
13 2 0 0
13 3 0 0
13 5 0 0
13 7 0 0
13 23 0 0
14 0 0 0
14 1 0 0
14 2 0 0
14 3 0 0
14 4 0 0
14 7 0 0
14 22 0 0
14 23 0 0
15 0 0 0
15 1 0 0
15 2 0 0
15 3 0 0
15 4 0 0
15 22 0 0
15 23 0 0
16 0 0 0
16 4 0 0
16 22 0 0
16 23 0 0
17 0 0 0
17 1 0 0
17 2 0 0
17 9 0 0
17 17 0 0
17 20 0 0
17 21 0 0
17 22 0 0
17 23 0 0
18 0 0 0
18 1 0 0
18 2 0 0
18 6 0 0
18 7 0 0
18 9 0 0
18 19 0 0
18 20 0 0
18 21 0 0
18 22 0 0
18 23 0 0
19 3 0 0
19 4 0 0
19 5 0 0
19 7 0 0
19 10 0 0
19 15 0 0
19 16 0 0
19 17 0 0
19 18 0 0
19 19 0 0
19 20 0 0
19 21 0 0
19 22 0 0
19 23 0 0
20 5 0 0
20 6 0 0
20 11 0 0
20 12 0 0
20 17 0 0
20 18 0 0
20 19 0 0
20 20 0 0
20 21 0 0
20 22 0 0
20 23 0 0
21 1 0 0
21 8 0 0
21 9 0 0
21 10 0 0
21 11 0 0
21 16 0 0
21 17 0 0
21 18 0 0
21 19 0 0
21 20 0 0
21 21 0 0
21 22 0 0
21 23 0 0
22 9 0 0
22 10 0 0
22 11 0 0
22 12 0 0
22 15 0 0
22 16 0 0
22 17 0 0
22 18 0 0
22 19 0 0
22 20 0 0
22 21 0 0
22 22 0 0
22 23 0 0
23 0 0 0
23 1 0 0
23 2 0 0
23 3 0 0
23 4 0 0
23 7 0 0
23 10 0 0
23 11 0 0
23 12 0 0
23 13 0 0
23 14 0 0
23 15 0 0
23 16 0 0
23 17 0 0
23 18 0 0
23 19 0 0
23 20 0 0
23 21 0 0
23 22 0 0
23 23 0 0
24 0 0 0
24 1 0 0
24 2 0 0
24 3 0 0
24 4 0 0
24 7 0 0
24 8 0 0
24 9 0 0
24 10 0 0
24 11 0 0
24 12 0 0
24 13 0 0
24 14 0 0
24 15 0 0
24 16 0 0
24 17 0 0
24 18 0 0
24 19 0 0
24 20 0 0
24 21 0 0
24 22 0 0
24 23 0 0