8 17 60 0
7 5 90 0
7 6 0 187
8 15 0 122
7 7 0 68
8 16 0 47
7 8 0 157
7 9 0 144
10 10 0 318
10 11 0 121
10 12 0 23
10 13 0 10
8 10 0 60
8 13 0 3
8 14 0 24
8 11 0 456
8 12 0 2
10 14 0 18
10 15 0 67
10 16 0 59
17 6 6 0
3 12 0 34
3 10 0 10
17 5 111 0
17 4 0 29
17 3 105 0
17 1 117 0
6 3 66 0
17 0 84 0
6 4 111 0
6 6 0 204
6 7 0 175
6 8 0 163
6 9 0 23
9 16 42 0
15 12 126 0
15 11 78 0
16 9 78 0
9 10 0 87
9 11 0 114
9 14 0 71
15 10 27 0
9 15 0 31
9 12 0 1
9 13 42 0
16 6 135 0
16 5 93 0
5 1 0 110
16 4 33 0
5 2 0 19
16 3 0 6
5 3 0 60
16 2 0 4
5 4 0 30
16 1 93 0
5 5 0 23
16 0 0 73
5 6 0 97
5 7 0 59
4 11 0 53
14 13 111 0
5 8 51 0
4 12 0 86
14 10 0 45
5 9 0 10
14 11 132 0
4 14 105 0
4 10 0 43
15 9 60 0
15 7 75 0
4 0 0 8
4 1 12 0
15 6 141 0
4 2 117 0
15 5 0 12
4 3 84 0
4 4 63 0
15 3 120 0
4 5 0 190
15 2 81 0
4 6 0 180
15 1 15 0
4 7 3 0
15 0 69 0
4 8 0 3
4 9 0 60
5 12 0 57
14 9 0 46
5 10 0 100
5 11 0 155
14 0 42 0
3 0 0 166
14 8 126 0
3 1 0 40
14 7 0 4
3 2 0 28
14 6 12 0
3 3 57 0
3 4 0 9
14 5 138 0
14 4 141 0
14 3 108 0
3 6 0 4
14 2 129 0
3 7 0 43
3 8 0 82
3 9 0 36
13 11 0 30
13 12 123 0
13 10 0 98
13 13 0 20
13 9 0 167
13 8 90 0
13 7 81 0
2 4 60 0
13 6 60 0
2 5 93 0
13 5 12 0
2 6 3 0
13 4 87 0
13 3 0 24
2 8 0 57
2 9 39 0
13 2 51 0
6 14 15 0
6 13 0 57
12 11 0 143
6 15 123 0
12 10 0 225
12 13 0 76
12 12 0 53
12 15 0 58
12 14 0 115
6 10 0 82
6 12 0 80
6 11 0 26
12 2 48 0
12 1 111 0
12 9 0 132
12 8 21 0
1 5 30 0
12 7 0 25
1 6 0 21
12 6 0 11
1 7 135 0
12 5 0 72
1 8 0 47
12 4 0 8
9 3 78 0
9 5 96 0
9 6 0 45
9 7 0 104
9 8 0 70
9 9 0 543
7 15 0 45
7 14 0 6
7 16 123 0
7 11 0 127
7 10 0 312
7 13 0 155
7 12 0 15
0 5 120 0
11 9 0 66
0 6 108 0
11 8 0 56
0 8 0 29
11 7 0 48
11 6 0 18
8 2 84 0
11 5 0 92
8 3 0 18
11 4 0 41
8 4 102 0
8 5 0 18
8 6 0 32
8 7 0 96
8 8 45 0
8 9 0 343
2 12 114 0
16 11 39 0
16 10 0 4
2 10 0 4
11 10 0 64
11 12 0 34
11 11 0 93
11 14 6 0
11 13 18 0
10 4 0 23
18 4 69 0
11 15 69 0
10 9 0 67
10 7 0 28
10 8 0 14
7 2 87 0
7 3 0 16
10 6 0 224
7 4 0 48
0 0 0 0
0 1 0 0
0 2 0 0
0 3 0 0
0 4 0 0
0 7 0 0
0 9 0 0
0 10 0 0
0 11 0 0
0 12 0 0
0 13 0 0
0 14 0 0
0 15 0 0
0 16 0 0
0 17 0 0
1 0 0 0
1 1 0 0
1 2 0 0
1 3 0 0
1 4 0 0
1 9 0 0
1 10 0 0
1 11 0 0
1 12 0 0
1 13 0 0
1 14 0 0
1 15 0 0
1 16 0 0
1 17 0 0
2 0 0 0
2 1 0 0
2 2 0 0
2 3 0 0
2 7 0 0
2 11 0 0
2 13 0 0
2 14 0 0
2 15 0 0
2 16 0 0
2 17 0 0
3 5 0 0
3 11 0 0
3 13 0 0
3 14 0 0
3 15 0 0
3 16 0 0
3 17 0 0
4 13 0 0
4 15 0 0
4 16 0 0
4 17 0 0
5 0 0 0
5 13 0 0
5 14 0 0
5 15 0 0
5 16 0 0
5 17 0 0
6 0 0 0
6 1 0 0
6 2 0 0
6 5 0 0
6 16 0 0
6 17 0 0
7 0 0 0
7 1 0 0
7 17 0 0
8 0 0 0
8 1 0 0
9 0 0 0
9 1 0 0
9 2 0 0
9 4 0 0
9 17 0 0
10 0 0 0
10 1 0 0
10 2 0 0
10 3 0 0
10 5 0 0
10 17 0 0
11 0 0 0
11 1 0 0
11 2 0 0
11 3 0 0
11 16 0 0
11 17 0 0
12 0 0 0
12 3 0 0
12 16 0 0
12 17 0 0
13 0 0 0
13 1 0 0
13 14 0 0
13 15 0 0
13 16 0 0
13 17 0 0
14 1 0 0
14 12 0 0
14 14 0 0
14 15 0 0
14 16 0 0
14 17 0 0
15 4 0 0
15 8 0 0
15 13 0 0
15 14 0 0
15 15 0 0
15 16 0 0
15 17 0 0
16 7 0 0
16 8 0 0
16 12 0 0
16 13 0 0
16 14 0 0
16 15 0 0
16 16 0 0
16 17 0 0
17 2 0 0
17 7 0 0
17 8 0 0
17 9 0 0
17 10 0 0
17 11 0 0
17 12 0 0
17 13 0 0
17 14 0 0
17 15 0 0
17 16 0 0
17 17 0 0
18 0 0 0
18 1 0 0
18 2 0 0
18 3 0 0
18 5 0 0
18 6 0 0
18 7 0 0
18 8 0 0
18 9 0 0
18 10 0 0
18 11 0 0
18 12 0 0
18 13 0 0
18 14 0 0
18 15 0 0
18 16 0 0
18 17 0 0