7 5 54 107
3 9 51 100
7 6 27 52
7 7 217 432
7 8 65 128
7 9 52 102
10 10 18 32
10 11 40 79
10 12 28 54
8 10 16 30
8 13 17 33
8 11 30 59
8 12 41 80
3 11 6 8
3 10 5 8
13 1 13 24
13 0 31 59
2 0 55 108
2 1 32 63
2 2 9 16
13 8 8 15
2 3 23 45
13 7 3 2
2 4 2 3
2 5 25 48
6 2 22 41
13 5 7 12
2 6 49 98
2 7 36 70
6 3 21 39
13 4 13 26
6 4 25 48
2 8 21 41
13 3 35 70
6 5 70 141
2 9 3 6
13 2 15 31
6 6 49 97
6 13 12 25
6 7 68 137
6 8 105 209
6 9 130 259
6 10 17 34
6 12 60 127
6 11 33 61
9 10 25 57
9 11 38 72
9 12 7 14
12 2 9 17
12 1 8 17
12 0 17 34
12 9 12 23
1 4 17 36
12 8 22 45
1 5 23 46
5 2 14 27
12 7 13 25
1 6 30 60
5 3 21 43
12 6 1 2
1 8 3 7
12 5 6 11
5 4 10 22
5 5 51 104
9 1 11 23
12 4 16 33
5 6 79 156
12 3 1 2
5 7 62 123
9 3 31 61
5 8 69 138
9 4 65 129
5 9 24 48
9 5 21 43
9 6 34 70
9 7 55 110
9 8 79 157
9 9 50 99
4 10 20 39
7 14 8 15
7 11 38 71
7 10 12 29
7 13 17 33
7 12 22 44
11 3 8 15
11 2 5 9
11 1 2 4
11 0 9 18
4 0 7 14
0 4 1 5
4 1 41 83
0 5 5 7
11 9 2 3
0 6 28 55
4 2 17 34
11 8 28 58
4 3 40 80
11 7 33 66
4 4 37 76
11 6 16 33
4 5 66 131
4 6 52 104
11 5 7 14
8 3 22 44
11 4 7 13
4 7 25 49
4 8 55 111
8 4 28 56
4 9 59 118
8 5 65 133
8 6 32 62
8 7 34 66
8 8 125 251
8 9 42 84
2 10 18 37
5 12 9 17
5 13 2 5
11 11 11 23
5 10 78 157
5 11 29 58
10 3 10 20
10 4 25 50
10 1 9 18
10 2 10 20
3 0 14 29
3 1 20 39
3 2 10 22
10 9 36 72
3 3 8 15
3 4 70 144
14 5 3 5
10 7 67 135
3 5 58 118
10 8 78 157
7 2 15 29
14 3 12 24
3 6 12 24
10 5 23 47
3 7 40 77
7 4 30 60
3 8 35 74
10 6 10 22
0 0 0 0
0 1 0 0
0 2 0 0
0 3 0 0
0 7 0 0
0 8 0 0
0 9 0 0
0 10 0 0
0 11 0 0
0 12 0 0
0 13 0 0
0 14 0 0
1 0 0 0
1 1 0 0
1 2 0 0
1 3 0 0
1 7 0 0
1 9 0 0
1 10 0 0
1 11 0 0
1 12 0 0
1 13 0 0
1 14 0 0
2 11 0 0
2 12 0 0
2 13 0 0
2 14 0 0
3 12 0 0
3 13 0 0
3 14 0 0
4 11 0 0
4 12 0 0
4 13 0 0
4 14 0 0
5 0 0 0
5 1 0 0
5 14 0 0
6 0 0 0
6 1 0 0
6 14 0 0
7 0 0 0
7 1 0 0
7 3 0 0
8 0 0 0
8 1 0 0
8 2 0 0
8 14 0 0
9 0 0 0
9 2 0 0
9 13 0 0
9 14 0 0
10 0 0 0
10 13 0 0
10 14 0 0
11 10 0 0
11 12 0 0
11 13 0 0
11 14 0 0
12 10 0 0
12 11 0 0
12 12 0 0
12 13 0 0
12 14 0 0
13 6 0 0
13 9 0 0
13 10 0 0
13 11 0 0
13 12 0 0
13 13 0 0
13 14 0 0
14 0 0 0
14 1 0 0
14 2 0 0
14 4 0 0
14 6 0 0
14 7 0 0
14 8 0 0
14 9 0 0
14 10 0 0
14 11 0 0
14 12 0 0
14 13 0 0
14 14 0 0