8 17 15 30
7 5 9 20
7 6 119 237
8 15 85 172
7 7 104 118
8 16 48 97
7 8 60 207
7 9 98 194
10 10 183 368
10 11 85 171
10 12 37 73
10 13 31 60
8 10 54 110
8 13 37 53
8 14 26 74
8 11 254 506
8 12 27 52
10 14 34 68
10 15 55 117
10 16 58 109
17 6 25 48
3 12 30 84
3 10 42 60
17 5 6 13
17 4 41 79
17 3 8 15
17 1 6 11
6 3 15 28
17 0 13 22
6 4 8 13
6 6 128 254
6 7 114 225
6 8 106 213
6 9 37 73
9 16 20 36
15 12 12 8
15 11 4 24
16 9 13 24
9 10 67 137
9 11 82 164
9 14 59 121
15 10 20 41
9 15 39 81
9 12 26 51
9 13 17 36
16 6 2 5
16 5 10 19
5 1 80 160
16 4 29 39
5 2 36 69
16 3 10 56
5 3 57 110
16 2 28 54
5 4 40 80
16 1 21 19
5 5 38 73
16 0 62 123
5 6 74 147
5 7 55 109
4 11 52 103
14 13 6 13
5 8 17 33
4 12 68 136
14 10 48 95
5 9 31 60
14 11 4 6
4 14 9 15
4 10 46 93
15 9 13 30
15 7 17 25
4 0 23 58
4 1 29 46
15 6 3 3
4 2 5 11
15 5 32 62
4 3 16 22
4 4 11 29
15 3 7 10
4 5 120 240
15 2 13 23
4 6 116 230
15 1 23 45
4 7 25 49
15 0 15 27
4 8 28 53
4 9 55 110
5 12 53 107
14 9 49 96
5 10 104 150
5 11 76 205
14 0 20 36
3 0 109 216
14 8 5 8
3 1 46 90
14 7 27 54
3 2 40 78
14 6 24 46
3 3 16 31
3 4 28 59
14 5 1 4
14 4 1 3
14 3 6 14
3 6 28 54
14 2 4 7
3 7 47 93
3 8 66 132
3 9 44 86
13 11 39 80
13 12 3 9
13 10 75 148
13 13 35 70
13 9 108 217
13 8 10 20
13 7 11 23
2 4 15 30
13 6 16 30
2 5 8 19
13 5 22 46
2 6 23 49
13 4 11 21
13 3 36 74
2 8 52 107
2 9 17 37
13 2 16 33
6 14 21 45
6 13 52 107
12 11 95 193
6 15 5 9
12 10 136 275
12 13 63 126
12 12 52 103
12 15 55 108
12 14 82 165
6 10 66 132
6 12 66 130
6 11 37 76
12 2 17 34
12 1 7 13
12 9 92 182
12 8 22 43
1 5 19 40
12 7 37 75
1 6 34 71
12 6 30 61
1 7 3 5
12 5 62 122
1 8 49 97
12 4 29 58
9 3 11 24
9 5 8 18
9 6 46 95
9 7 78 154
9 8 60 120
9 9 295 593
7 15 47 95
7 14 27 56
7 16 3 9
7 11 89 177
7 10 181 362
7 13 101 205
7 12 31 65
0 5 5 10
11 9 58 116
0 6 6 14
11 8 54 106
0 8 40 79
11 7 50 98
11 6 33 68
8 2 12 22
11 5 72 142
8 3 34 68
11 4 45 91
8 4 7 16
8 5 35 68
8 6 42 82
8 7 74 146
8 8 17 35
8 9 195 393
2 12 5 12
16 11 19 37
16 10 28 54
2 10 26 54
11 10 58 114
11 12 42 84
11 11 71 143
11 14 25 48
11 13 21 44
10 4 36 73
18 4 12 27
11 15 12 27
10 9 57 117
10 7 39 78
10 8 32 64
7 2 9 21
7 3 32 66
10 6 136 274
7 4 49 98
0 0 0 0
0 1 0 0
0 2 0 0
0 3 0 0
0 4 0 0
0 7 0 0
0 9 0 0
0 10 0 0
0 11 0 0
0 12 0 0
0 13 0 0
0 14 0 0
0 15 0 0
0 16 0 0
0 17 0 0
1 0 0 0
1 1 0 0
1 2 0 0
1 3 0 0
1 4 0 0
1 9 0 0
1 10 0 0
1 11 0 0
1 12 0 0
1 13 0 0
1 14 0 0
1 15 0 0
1 16 0 0
1 17 0 0
2 0 0 0
2 1 0 0
2 2 0 0
2 3 0 0
2 7 0 0
2 11 0 0
2 13 0 0
2 14 0 0
2 15 0 0
2 16 0 0
2 17 0 0
3 5 0 0
3 11 0 0
3 13 0 0
3 14 0 0
3 15 0 0
3 16 0 0
3 17 0 0
4 13 0 0
4 15 0 0
4 16 0 0
4 17 0 0
5 0 0 0
5 13 0 0
5 14 0 0
5 15 0 0
5 16 0 0
5 17 0 0
6 0 0 0
6 1 0 0
6 2 0 0
6 5 0 0
6 16 0 0
6 17 0 0
7 0 0 0
7 1 0 0
7 17 0 0
8 0 0 0
8 1 0 0
9 0 0 0
9 1 0 0
9 2 0 0
9 4 0 0
9 17 0 0
10 0 0 0
10 1 0 0
10 2 0 0
10 3 0 0
10 5 0 0
10 17 0 0
11 0 0 0
11 1 0 0
11 2 0 0
11 3 0 0
11 16 0 0
11 17 0 0
12 0 0 0
12 3 0 0
12 16 0 0
12 17 0 0
13 0 0 0
13 1 0 0
13 14 0 0
13 15 0 0
13 16 0 0
13 17 0 0
14 1 0 0
14 12 0 0
14 14 0 0
14 15 0 0
14 16 0 0
14 17 0 0
15 4 0 0
15 8 0 0
15 13 0 0
15 14 0 0
15 15 0 0
15 16 0 0
15 17 0 0
16 7 0 0
16 8 0 0
16 12 0 0
16 13 0 0
16 14 0 0
16 15 0 0
16 16 0 0
16 17 0 0
17 2 0 0
17 7 0 0
17 8 0 0
17 9 0 0
17 10 0 0
17 11 0 0
17 12 0 0
17 13 0 0
17 14 0 0
17 15 0 0
17 16 0 0
17 17 0 0
18 0 0 0
18 1 0 0
18 2 0 0
18 3 0 0
18 5 0 0
18 6 0 0
18 7 0 0
18 8 0 0
18 9 0 0
18 10 0 0
18 11 0 0
18 12 0 0
18 13 0 0
18 14 0 0
18 15 0 0
18 16 0 0
18 17 0 0