8 17 8 15
7 5 5 10
7 6 60 119
8 15 43 86
7 7 52 59
8 16 24 49
7 8 30 104
7 9 49 97
10 10 92 184
10 11 43 86
10 12 19 37
10 13 16 30
8 10 27 55
8 13 19 27
8 14 13 37
8 11 127 253
8 12 14 26
10 14 17 34
10 15 28 59
10 16 29 55
17 6 13 24
3 12 15 42
3 10 21 30
17 5 3 7
17 4 21 40
17 3 4 8
17 1 3 6
6 3 8 14
17 0 7 11
6 4 4 7
6 6 64 127
6 7 57 113
6 8 53 107
6 9 19 37
9 16 10 18
15 12 6 4
15 11 2 12
16 9 7 12
9 10 34 69
9 11 41 82
9 14 30 61
15 10 10 21
9 15 20 41
9 12 13 26
9 13 9 18
16 6 1 3
16 5 5 10
5 1 40 80
16 4 15 20
5 2 18 35
16 3 5 28
5 3 29 55
16 2 14 27
5 4 20 40
16 1 11 10
5 5 19 37
16 0 31 62
5 6 37 74
5 7 28 55
4 11 26 52
14 13 3 7
5 8 9 17
4 12 34 68
14 10 24 48
5 9 16 30
14 11 2 3
4 14 5 8
4 10 23 47
15 9 7 15
15 7 9 13
4 0 12 29
4 1 15 23
15 6 2 2
4 2 3 6
15 5 16 31
4 3 8 11
4 4 6 15
15 3 4 5
4 5 60 120
15 2 7 12
4 6 58 115
15 1 12 23
4 7 13 25
15 0 8 14
4 8 14 27
4 9 28 55
5 12 27 54
14 9 25 48
5 10 52 75
5 11 38 103
14 0 10 18
3 0 55 108
14 8 3 4
3 1 23 45
14 7 14 27
3 2 20 39
14 6 12 23
3 3 8 16
3 4 14 30
14 5 1 2
14 4 1 2
14 3 3 7
3 6 14 27
14 2 2 4
3 7 24 47
3 8 33 66
3 9 22 43
13 11 20 40
13 12 2 5
13 10 38 74
13 13 18 35
13 9 54 109
13 8 5 10
13 7 6 12
2 4 8 15
13 6 8 15
2 5 4 10
13 5 11 23
2 6 12 25
13 4 6 11
13 3 18 37
2 8 26 54
2 9 9 19
13 2 8 17
6 14 11 23
6 13 26 54
12 11 48 97
6 15 3 5
12 10 68 138
12 13 32 63
12 12 26 52
12 15 28 54
12 14 41 83
6 10 33 66
6 12 33 65
6 11 19 38
12 2 9 17
12 1 4 7
12 9 46 91
12 8 11 22
1 5 10 20
12 7 19 38
1 6 17 36
12 6 15 31
1 7 2 3
12 5 31 61
1 8 25 49
12 4 15 29
9 3 6 12
9 5 4 9 
9 6 23 48
9 7 39 77
9 8 30 60
9 9 148 297
7 15 24 48
7 14 14 28
7 16 2 5
7 11 45 89
7 10 91 181
7 13 51 103
7 12 16 33
0 5 3 5
11 9 29 58
0 6 3 7
11 8 27 53
0 8 20 40
11 7 25 49
11 6 17 34
8 2 6 11
11 5 36 71
8 3 17 34
11 4 23 46
8 4 4 8
8 5 18 34
8 6 21 41
8 7 37 73
8 8 9 18
8 9 98 197
2 12 3 6
16 11 10 19
16 10 14 27
2 10 13 27
11 10 29 57
11 12 21 42
11 11 36 72
11 14 13 24
11 13 11 22
10 4 18 37
18 4 6 14
11 15 6 14
10 9 29 59
10 7 20 39
10 8 16 32
7 2 5 11
7 3 16 33
10 6 68 137
7 4 25 49
0 0 0 0
0 1 0 0
0 2 0 0
0 3 0 0
0 4 0 0
0 7 0 0
0 9 0 0
0 10 0 0
0 11 0 0
0 12 0 0
0 13 0 0
0 14 0 0
0 15 0 0
0 16 0 0
0 17 0 0
1 0 0 0
1 1 0 0
1 2 0 0
1 3 0 0
1 4 0 0
1 9 0 0
1 10 0 0
1 11 0 0
1 12 0 0
1 13 0 0
1 14 0 0
1 15 0 0
1 16 0 0
1 17 0 0
2 0 0 0
2 1 0 0
2 2 0 0
2 3 0 0
2 7 0 0
2 11 0 0
2 13 0 0
2 14 0 0
2 15 0 0
2 16 0 0
2 17 0 0
3 5 0 0
3 11 0 0
3 13 0 0
3 14 0 0
3 15 0 0
3 16 0 0
3 17 0 0
4 13 0 0
4 15 0 0
4 16 0 0
4 17 0 0
5 0 0 0
5 13 0 0
5 14 0 0
5 15 0 0
5 16 0 0
5 17 0 0
6 0 0 0
6 1 0 0
6 2 0 0
6 5 0 0
6 16 0 0
6 17 0 0
7 0 0 0
7 1 0 0
7 17 0 0
8 0 0 0
8 1 0 0
9 0 0 0
9 1 0 0
9 2 0 0
9 4 0 0
9 17 0 0
10 0 0 0
10 1 0 0
10 2 0 0
10 3 0 0
10 5 0 0
10 17 0 0
11 0 0 0
11 1 0 0
11 2 0 0
11 3 0 0
11 16 0 0
11 17 0 0
12 0 0 0
12 3 0 0
12 16 0 0
12 17 0 0
13 0 0 0
13 1 0 0
13 14 0 0
13 15 0 0
13 16 0 0
13 17 0 0
14 1 0 0
14 12 0 0
14 14 0 0
14 15 0 0
14 16 0 0
14 17 0 0
15 4 0 0
15 8 0 0
15 13 0 0
15 14 0 0
15 15 0 0
15 16 0 0
15 17 0 0
16 7 0 0
16 8 0 0
16 12 0 0
16 13 0 0
16 14 0 0
16 15 0 0
16 16 0 0
16 17 0 0
17 2 0 0
17 7 0 0
17 8 0 0
17 9 0 0
17 10 0 0
17 11 0 0
17 12 0 0
17 13 0 0
17 14 0 0
17 15 0 0
17 16 0 0
17 17 0 0
18 0 0 0
18 1 0 0
18 2 0 0
18 3 0 0
18 5 0 0
18 6 0 0
18 7 0 0
18 8 0 0
18 9 0 0
18 10 0 0
18 11 0 0
18 12 0 0
18 13 0 0
18 14 0 0
18 15 0 0
18 16 0 0
18 17 0 0