8 17 7 7
15 24 11 25
7 6 3 16
8 18 19 21
15 23 13 29
15 22 10 41
15 29 21 5
15 27 19 35
8 19 22 9
8 10 23 45
15 21 34 66
8 13 6 40
15 20 4 41
8 11 29 14
8 12 9 56
21 9 2 7
21 8 5 3
8 28 5 8
8 20 13 25
8 21 9 15
8 24 24 47
15 31 6 25
15 30 14 10
8 22 9 16
8 23 5 8
32 4 4 5
27 15 7 2
27 12 2 13
32 1 14 25
27 18 9 16
32 0 6 9
27 19 4 20
27 16 11 6
32 8 4 5
6 3 18 22
32 7 11 21
6 4 11 34
32 6 2 2
6 5 4 5
32 5 7 12
6 8 6 20
14 33 3 5
6 9 10 10
26 19 18 34
14 31 8 13
26 12 2 3
26 11 10 19
26 16 4 4
26 15 3 10
26 18 20 40
20 9 13 27
26 10 2 5
15 14 18 36
9 18 13 25
15 13 38 77
15 12 5 17
15 11 8 10
9 17 10 20
15 18 9 19
15 17 17 33
15 16 5 9
15 15 5 11
9 10 6 11
9 11 10 50
9 14 13 25
9 12 26 19
26 23 9 18
31 5 2 2
26 22 3 7
31 3 6 13
26 27 8 17
31 1 2 5
15 19 4 9
26 21 11 22
26 20 18 35
31 6 2 5
14 12 5 16
14 13 8 10
5 9 8 15
14 16 21 21
14 17 6 41
14 15 11 13
9 21 4 7
25 29 10 20
9 22 1 11
9 20 6 1
9 25 7 8
9 23 3 17
9 24 8 14
25 22 15 29
25 21 7 22
25 24 11 9
25 23 5 14
25 26 12 8
25 25 4 12
25 28 12 23
25 27 7 24
14 18 9 17
14 19 27 53
25 20 25 51
14 23 7 13
14 24 27 3
14 21 2 53
14 22 3 6
14 27 1 34
14 28 18 3
14 25 3 5
14 26 17 34
14 20 11 23
30 5 5 10
30 3 3 4
30 2 4 6
30 1 4 9
14 29 10 21
25 31 15 32
25 30 11 23
13 22 3 7
13 23 2 3
13 20 7 14
13 21 15 29
13 26 13 27
13 27 10 20
13 24 8 15
13 25 14 27
13 28 6 11
13 29 5 12
25 19 12 25
25 18 9 19
13 30 2 5
25 11 9 19
25 10 1 2
25 13 2 3
25 12 5 10
25 14 14 27
25 17 1 1
25 16 1 2
18 18 52 102
18 19 52 105
18 14 22 44
18 15 2 4
18 16 11 23
18 17 17 32
30 20 1 2
18 11 4 7
18 12 15 30
30 22 2 4
18 13 1 4
30 21 8 17
29 20 6 12
18 29 14 27
18 25 4 8
18 26 1 3
18 27 1 2
18 28 3 7
18 21 7 16
18 22 12 23
30 11 2 5
18 24 7 13
30 10 4 8
18 20 15 29
30 15 1 2
30 14 5 11
0 16 6 10
17 24 8 14
17 25 1 3
17 26 1 3
17 27 4 6
17 21 2 3
17 22 40 80
17 23 10 19
17 35 7 15
17 31 4 7
17 32 6 11
17 33 7 14
1 12 4 7
1 13 1 1
1 11 3 5
17 30 8 16
29 16 1 1
29 14 1 1
29 19 5 9
29 18 1 1
29 13 2 5
29 12 3 6
29 10 1 2
16 33 4 9
16 32 9 16
16 31 16 33
16 30 15 31
28 15 13 27
28 16 2 3
28 13 1 3
28 19 9 17
1 16 9 20
1 17 6 10
28 18 11 22
28 12 5 10
17 17 3 5
17 18 29 56
17 19 50 99
17 13 6 13
17 14 7 15
19 6 1 3
17 10 3 6
17 11 6 14
17 12 5 10
28 27 3 7
28 23 2 3
28 20 16 33
28 21 1 3
16 15 29 59
16 13 10 19
16 19 14 26
16 18 8 16
16 17 7 13
2 16 13 27
2 15 1 3
16 11 7 15
2 12 8 17
27 25 2 5
27 26 1 3
27 23 1 3
27 27 8 16
27 21 5 9
27 22 6 13
27 20 4 9
16 26 6 11
16 24 4 10
16 23 12 24
16 29 13 25
16 28 6 12
18 6 5 9
16 27 3 8
16 22 66 131
16 21 12 24
16 20 14 29
21 28 3 7
10 10 5 10
21 27 12 23
10 11 2 4
21 26 2 4
10 12 12 24
10 13 7 15
33 11 5 10
33 12 1 3
21 24 7 15
29 4 2 4
21 23 7 15
10 15 5 11
21 22 10 20
21 21 15 29
29 1 2 5
10 17 2 4
21 20 18 37
10 19 2 4
10 20 3 4
10 21 12 23
10 22 13 27
10 23 13 27
10 24 2 5
17 6 10 20
3 17 2 4
3 16 9 18
3 13 3 7
3 12 6 13
3 11 9 18
3 10 1 3
10 25 14 26
17 5 3 6
21 32 9 17
21 31 9 17
21 30 4 7
28 8 1 2
28 7 4 7
32 23 5 11
32 21 1 1
32 22 4 8
32 20 7 14
20 33 17 33
20 32 2 5
20 31 7 13
20 30 11 22
28 1 7 14
21 19 8 14
21 17 2 4
21 16 13 26
16 8 4 8
16 7 3 6
21 14 6 11
32 19 6 12
21 13 23 47
16 6 5 9
16 5 2 5
20 19 23 45
4 12 8 17
20 17 2 2
19 27 6 14
20 15 4 7
4 16 11 23
19 29 5 10
20 14 11 22
27 8 5 11
4 17 1 1
19 28 9 18
20 13 18 35
27 7 7 13
19 23 3 6
19 22 26 54
19 25 1 2
19 24 1 3
19 21 3 6
19 20 10 18
4 10 5 10
20 12 27 56
27 6 2 5
27 4 1 4
20 29 8 15
20 28 6 13
20 27 1 2
20 26 1 2
20 25 4 9
15 9 11 21
20 24 7 14
31 20 2 3
31 22 4 8
19 30 11 23
19 31 6 13
4 21 3 7
31 24 3 4
20 23 10 19
15 7 6 12
20 22 16 32
20 21 24 47
15 5 6 11
20 20 37 72
18 32 7 15
31 10 9 18
18 33 2 4
31 12 1 2
18 30 2 6
31 19 8 15
26 7 11 20
26 4 6 13
5 12 1 3
19 19 12 24
5 13 2 6
19 16 2 4
5 16 8 15
19 15 3 5
5 17 7 15
19 18 33 67
5 18 8 14
19 17 1 2
5 19 3 5
19 12 1 2
19 11 1 2
37 9 3 6
19 14 13 25
19 13 6 12
14 8 15 28
14 7 3 5
14 6 8 17
5 24 3 6
25 9 2 4
24 17 6 10
24 18 13 26
24 19 11 22
5 20 7 14
5 21 3 6
24 10 7 14
24 11 14 27
24 13 9 18
24 14 2 3
24 15 5 8
24 16 5 9
25 8 2 3
25 2 1 1
13 12 10 20
13 15 16 32
13 16 11 21
13 13 15 29
13 14 12 24
36 9 2 3
24 28 16 31
24 29 4 9
24 20 14 27
24 21 19 38
24 22 25 49
24 23 3 5
24 24 12 24
24 25 4 7
24 26 2 3
24 27 14 28
36 8 2 6
13 19 6 13
13 8 1 4
13 17 11 22
13 18 7 13
13 6 6 11
6 14 8 15
6 13 7 14
6 16 8 17
6 15 12 23
6 18 13 27
12 13 6 12
12 12 33 67
6 17 5 11
12 15 17 34
12 14 13 24
35 13 2 5
6 12 7 13
23 20 8 15
23 21 6 10
23 23 2 3
23 24 7 13
23 25 9 19
12 17 4 9
24 9 3 6
12 16 27 56
24 8 8 17
12 18 5 11
24 4 9 17
24 3 3 6
6 25 7 14
12 20 3 7
12 22 3 8
12 21 9 18
12 24 2 3
12 23 11 21
12 26 3 8
12 25 11 21
6 21 10 21
23 31 7 14
35 8 6 10
12 8 2 3
12 7 1 4
9 1 15 29
9 3 5 9
11 21 13 25
11 20 12 24
11 23 18 35
11 22 7 15
11 25 5 9
9 9 7 15
11 24 8 14
23 9 11 20
23 8 7 15
7 15 3 7
7 14 2 2
7 17 9 19
7 16 10 20
7 18 9 16
23 16 2 6
23 17 2 5
23 18 9 17
34 12 10 19
23 19 10 19
34 10 2 5
34 11 1 2
11 3 24 48
11 2 7 14
34 1 6 11
23 10 1 1
23 11 26 54
23 12 8 18
23 14 9 17
23 15 4 7
34 9 11 24
11 9 6 11
34 8 3 6
11 8 6 14
34 7 3 7
11 7 20 40
34 6 1 1
11 6 7 16
11 4 8 17
8 3 7 14
34 3 2 6
7 25 12 23
8 5 3 6
8 6 6 11
22 19 4 8
22 18 7 15
22 17 7 12
22 16 16 31
22 15 9 19
7 20 4 9
7 24 3 6
22 14 4 7
22 13 9 17
22 9 5 11
22 10 8 17
11 10 4 6
22 29 6 11
11 12 12 25
22 28 6 13
11 11 9 17
22 27 9 18
11 14 13 22
22 26 3 5
11 13 6 10
33 20 6 8
33 21 3 5
10 3 10 18
33 3 6 10
33 1 12 22
33 0 3 6
22 25 2 2
11 16 5 8
22 24 5 9
11 15 12 22
22 23 20 38
11 18 4 6
22 22 16 31
7 0 45 87
33 8 8 15
11 17 4 5
22 21 14 25
7 1 12 21
33 7 2 2
22 20 5 7
10 8 9 16
33 6 3 4
11 19 12 20
10 5 10 18
7 3 13 24
33 5 5 7
33 4 2 5
0 0 0 0
0 1 0 0
0 2 0 0
0 3 0 0
0 4 0 0
0 5 0 0
0 6 0 0
0 7 0 0
0 8 0 0
0 9 0 0
0 10 0 0
0 11 0 0
0 12 0 0
0 13 0 0
0 14 0 0
0 15 0 0
0 17 0 0
0 18 0 0
0 19 0 0
0 20 0 0
0 21 0 0
0 22 0 0
0 23 0 0
0 24 0 0
0 25 0 0
0 26 0 0
0 27 0 0
0 28 0 0
0 29 0 0
0 30 0 0
0 31 0 0
0 32 0 0
0 33 0 0
0 34 0 0
0 35 0 0
1 0 0 0
1 1 0 0
1 2 0 0
1 3 0 0
1 4 0 0
1 5 0 0
1 6 0 0
1 7 0 0
1 8 0 0
1 9 0 0
1 10 0 0
1 14 0 0
1 15 0 0
1 18 0 0
1 19 0 0
1 20 0 0
1 21 0 0
1 22 0 0
1 23 0 0
1 24 0 0
1 25 0 0
1 26 0 0
1 27 0 0
1 28 0 0
1 29 0 0
1 30 0 0
1 31 0 0
1 32 0 0
1 33 0 0
1 34 0 0
1 35 0 0
2 0 0 0
2 1 0 0
2 2 0 0
2 3 0 0
2 4 0 0
2 5 0 0
2 6 0 0
2 7 0 0
2 8 0 0
2 9 0 0
2 10 0 0
2 11 0 0
2 13 0 0
2 14 0 0
2 17 0 0
2 18 0 0
2 19 0 0
2 20 0 0
2 21 0 0
2 22 0 0
2 23 0 0
2 24 0 0
2 25 0 0
2 26 0 0
2 27 0 0
2 28 0 0
2 29 0 0
2 30 0 0
2 31 0 0
2 32 0 0
2 33 0 0
2 34 0 0
2 35 0 0
3 0 0 0
3 1 0 0
3 2 0 0
3 3 0 0
3 4 0 0
3 5 0 0
3 6 0 0
3 7 0 0
3 8 0 0
3 9 0 0
3 14 0 0
3 15 0 0
3 18 0 0
3 19 0 0
3 20 0 0
3 21 0 0
3 22 0 0
3 23 0 0
3 24 0 0
3 25 0 0
3 26 0 0
3 27 0 0
3 28 0 0
3 29 0 0
3 30 0 0
3 31 0 0
3 32 0 0
3 33 0 0
3 34 0 0
3 35 0 0
4 0 0 0
4 1 0 0
4 2 0 0
4 3 0 0
4 4 0 0
4 5 0 0
4 6 0 0
4 7 0 0
4 8 0 0
4 9 0 0
4 11 0 0
4 13 0 0
4 14 0 0
4 15 0 0
4 18 0 0
4 19 0 0
4 20 0 0
4 22 0 0
4 23 0 0
4 24 0 0
4 25 0 0
4 26 0 0
4 27 0 0
4 28 0 0
4 29 0 0
4 30 0 0
4 31 0 0
4 32 0 0
4 33 0 0
4 34 0 0
4 35 0 0
5 0 0 0
5 1 0 0
5 2 0 0
5 3 0 0
5 4 0 0
5 5 0 0
5 6 0 0
5 7 0 0
5 8 0 0
5 10 0 0
5 11 0 0
5 14 0 0
5 15 0 0
5 22 0 0
5 23 0 0
5 25 0 0
5 26 0 0
5 27 0 0
5 28 0 0
5 29 0 0
5 30 0 0
5 31 0 0
5 32 0 0
5 33 0 0
5 34 0 0
5 35 0 0
6 0 0 0
6 1 0 0
6 2 0 0
6 6 0 0
6 7 0 0
6 10 0 0
6 11 0 0
6 19 0 0
6 20 0 0
6 22 0 0
6 23 0 0
6 24 0 0
6 26 0 0
6 27 0 0
6 28 0 0
6 29 0 0
6 30 0 0
6 31 0 0
6 32 0 0
6 33 0 0
6 34 0 0
6 35 0 0
7 2 0 0
7 4 0 0
7 5 0 0
7 7 0 0
7 8 0 0
7 9 0 0
7 10 0 0
7 11 0 0
7 12 0 0
7 13 0 0
7 19 0 0
7 21 0 0
7 22 0 0
7 23 0 0
7 26 0 0
7 27 0 0
7 28 0 0
7 29 0 0
7 30 0 0
7 31 0 0
7 32 0 0
7 33 0 0
7 34 0 0
7 35 0 0
8 0 0 0
8 1 0 0
8 2 0 0
8 4 0 0
8 7 0 0
8 8 0 0
8 9 0 0
8 14 0 0
8 15 0 0
8 16 0 0
8 25 0 0
8 26 0 0
8 27 0 0
8 29 0 0
8 30 0 0
8 31 0 0
8 32 0 0
8 33 0 0
8 34 0 0
8 35 0 0
9 0 0 0
9 2 0 0
9 4 0 0
9 5 0 0
9 6 0 0
9 7 0 0
9 8 0 0
9 13 0 0
9 15 0 0
9 16 0 0
9 19 0 0
9 26 0 0
9 27 0 0
9 28 0 0
9 29 0 0
9 30 0 0
9 31 0 0
9 32 0 0
9 33 0 0
9 34 0 0
9 35 0 0
10 0 0 0
10 1 0 0
10 2 0 0
10 4 0 0
10 6 0 0
10 7 0 0
10 9 0 0
10 14 0 0
10 16 0 0
10 18 0 0
10 26 0 0
10 27 0 0
10 28 0 0
10 29 0 0
10 30 0 0
10 31 0 0
10 32 0 0
10 33 0 0
10 34 0 0
10 35 0 0
11 0 0 0
11 1 0 0
11 5 0 0
11 26 0 0
11 27 0 0
11 28 0 0
11 29 0 0
11 30 0 0
11 31 0 0
11 32 0 0
11 33 0 0
11 34 0 0
11 35 0 0
12 0 0 0
12 1 0 0
12 2 0 0
12 3 0 0
12 4 0 0
12 5 0 0
12 6 0 0
12 9 0 0
12 10 0 0
12 11 0 0
12 19 0 0
12 27 0 0
12 28 0 0
12 29 0 0
12 30 0 0
12 31 0 0
12 32 0 0
12 33 0 0
12 34 0 0
12 35 0 0
13 0 0 0
13 1 0 0
13 2 0 0
13 3 0 0
13 4 0 0
13 5 0 0
13 7 0 0
13 9 0 0
13 10 0 0
13 11 0 0
13 31 0 0
13 32 0 0
13 33 0 0
13 34 0 0
13 35 0 0
14 0 0 0
14 1 0 0
14 2 0 0
14 3 0 0
14 4 0 0
14 5 0 0
14 9 0 0
14 10 0 0
14 11 0 0
14 14 0 0
14 30 0 0
14 32 0 0
14 34 0 0
14 35 0 0
15 0 0 0
15 1 0 0
15 2 0 0
15 3 0 0
15 4 0 0
15 6 0 0
15 8 0 0
15 10 0 0
15 25 0 0
15 26 0 0
15 28 0 0
15 32 0 0
15 33 0 0
15 34 0 0
15 35 0 0
16 0 0 0
16 1 0 0
16 2 0 0
16 3 0 0
16 4 0 0
16 9 0 0
16 10 0 0
16 12 0 0
16 14 0 0
16 16 0 0
16 25 0 0
16 34 0 0
16 35 0 0
17 0 0 0
17 1 0 0
17 2 0 0
17 3 0 0
17 4 0 0
17 7 0 0
17 8 0 0
17 9 0 0
17 15 0 0
17 16 0 0
17 20 0 0
17 28 0 0
17 29 0 0
17 34 0 0
18 0 0 0
18 1 0 0
18 2 0 0
18 3 0 0
18 4 0 0
18 5 0 0
18 7 0 0
18 8 0 0
18 9 0 0
18 10 0 0
18 23 0 0
18 31 0 0
18 34 0 0
18 35 0 0
19 0 0 0
19 1 0 0
19 2 0 0
19 3 0 0
19 4 0 0
19 5 0 0
19 7 0 0
19 8 0 0
19 9 0 0
19 10 0 0
19 26 0 0
19 32 0 0
19 33 0 0
19 34 0 0
19 35 0 0
20 0 0 0
20 1 0 0
20 2 0 0
20 3 0 0
20 4 0 0
20 5 0 0
20 6 0 0
20 7 0 0
20 8 0 0
20 10 0 0
20 11 0 0
20 16 0 0
20 18 0 0
20 34 0 0
20 35 0 0
21 0 0 0
21 1 0 0
21 2 0 0
21 3 0 0
21 4 0 0
21 5 0 0
21 6 0 0
21 7 0 0
21 10 0 0
21 11 0 0
21 12 0 0
21 15 0 0
21 18 0 0
21 25 0 0
21 29 0 0
21 33 0 0
21 34 0 0
21 35 0 0
22 0 0 0
22 1 0 0
22 2 0 0
22 3 0 0
22 4 0 0
22 5 0 0
22 6 0 0
22 7 0 0
22 8 0 0
22 11 0 0
22 12 0 0
22 30 0 0
22 31 0 0
22 32 0 0
22 33 0 0
22 34 0 0
22 35 0 0
23 0 0 0
23 1 0 0
23 2 0 0
23 3 0 0
23 4 0 0
23 5 0 0
23 6 0 0
23 7 0 0
23 13 0 0
23 22 0 0
23 26 0 0
23 27 0 0
23 28 0 0
23 29 0 0
23 30 0 0
23 32 0 0
23 33 0 0
23 34 0 0
23 35 0 0
24 0 0 0
24 1 0 0
24 2 0 0
24 5 0 0
24 6 0 0
24 7 0 0
24 12 0 0
24 30 0 0
24 31 0 0
24 32 0 0
24 33 0 0
24 34 0 0
24 35 0 0
25 0 0 0
25 1 0 0
25 3 0 0
25 4 0 0
25 5 0 0
25 6 0 0
25 7 0 0
25 15 0 0
25 32 0 0
25 33 0 0
25 34 0 0
25 35 0 0
26 0 0 0
26 1 0 0
26 2 0 0
26 3 0 0
26 5 0 0
26 6 0 0
26 8 0 0
26 9 0 0
26 13 0 0
26 14 0 0
26 17 0 0
26 24 0 0
26 25 0 0
26 26 0 0
26 28 0 0
26 29 0 0
26 30 0 0
26 31 0 0
26 32 0 0
26 33 0 0
26 34 0 0
26 35 0 0
27 0 0 0
27 1 0 0
27 2 0 0
27 3 0 0
27 5 0 0
27 9 0 0
27 10 0 0
27 11 0 0
27 13 0 0
27 14 0 0
27 17 0 0
27 24 0 0
27 28 0 0
27 29 0 0
27 30 0 0
27 31 0 0
27 32 0 0
27 33 0 0
27 34 0 0
27 35 0 0
28 0 0 0
28 2 0 0
28 3 0 0
28 4 0 0
28 5 0 0
28 6 0 0
28 9 0 0
28 10 0 0
28 11 0 0
28 14 0 0
28 17 0 0
28 22 0 0
28 24 0 0
28 25 0 0
28 26 0 0
28 28 0 0
28 29 0 0
28 30 0 0
28 31 0 0
28 32 0 0
28 33 0 0
28 34 0 0
28 35 0 0
29 0 0 0
29 2 0 0
29 3 0 0
29 5 0 0
29 6 0 0
29 7 0 0
29 8 0 0
29 9 0 0
29 11 0 0
29 15 0 0
29 17 0 0
29 21 0 0
29 22 0 0
29 23 0 0
29 24 0 0
29 25 0 0
29 26 0 0
29 27 0 0
29 28 0 0
29 29 0 0
29 30 0 0
29 31 0 0
29 32 0 0
29 33 0 0
29 34 0 0
29 35 0 0
30 0 0 0
30 4 0 0
30 6 0 0
30 7 0 0
30 8 0 0
30 9 0 0
30 12 0 0
30 13 0 0
30 16 0 0
30 17 0 0
30 18 0 0
30 19 0 0
30 23 0 0
30 24 0 0
30 25 0 0
30 26 0 0
30 27 0 0
30 28 0 0
30 29 0 0
30 30 0 0
30 31 0 0
30 32 0 0
30 33 0 0
30 34 0 0
30 35 0 0
31 0 0 0
31 2 0 0
31 4 0 0
31 7 0 0
31 8 0 0
31 9 0 0
31 11 0 0
31 13 0 0
31 14 0 0
31 15 0 0
31 16 0 0
31 17 0 0
31 18 0 0
31 21 0 0
31 23 0 0
31 25 0 0
31 26 0 0
31 27 0 0
31 28 0 0
31 29 0 0
31 30 0 0
31 31 0 0
31 32 0 0
31 33 0 0
31 34 0 0
31 35 0 0
32 2 0 0
32 3 0 0
32 9 0 0
32 10 0 0
32 11 0 0
32 12 0 0
32 13 0 0
32 14 0 0
32 15 0 0
32 16 0 0
32 17 0 0
32 18 0 0
32 24 0 0
32 25 0 0
32 26 0 0
32 27 0 0
32 28 0 0
32 29 0 0
32 30 0 0
32 31 0 0
32 32 0 0
32 33 0 0
32 34 0 0
32 35 0 0
33 2 0 0
33 9 0 0
33 10 0 0
33 13 0 0
33 14 0 0
33 15 0 0
33 16 0 0
33 17 0 0
33 18 0 0
33 19 0 0
33 22 0 0
33 23 0 0
33 24 0 0
33 25 0 0
33 26 0 0
33 27 0 0
33 28 0 0
33 29 0 0
33 30 0 0
33 31 0 0
33 32 0 0
33 33 0 0
33 34 0 0
33 35 0 0
34 0 0 0
34 2 0 0
34 4 0 0
34 5 0 0
34 13 0 0
34 14 0 0
34 15 0 0
34 16 0 0
34 17 0 0
34 18 0 0
34 19 0 0
34 20 0 0
34 21 0 0
34 22 0 0
34 23 0 0
34 24 0 0
34 25 0 0
34 26 0 0
34 27 0 0
34 28 0 0
34 29 0 0
34 30 0 0
34 31 0 0
34 32 0 0
34 33 0 0
34 34 0 0
34 35 0 0
35 0 0 0
35 1 0 0
35 2 0 0
35 3 0 0
35 4 0 0
35 5 0 0
35 6 0 0
35 7 0 0
35 9 0 0
35 10 0 0
35 11 0 0
35 12 0 0
35 14 0 0
35 15 0 0
35 16 0 0
35 17 0 0
35 18 0 0
35 19 0 0
35 20 0 0
35 21 0 0
35 22 0 0
35 23 0 0
35 24 0 0
35 25 0 0
35 26 0 0
35 27 0 0
35 28 0 0
35 29 0 0
35 30 0 0
35 31 0 0
35 32 0 0
35 33 0 0
35 34 0 0
35 35 0 0
36 0 0 0
36 1 0 0
36 2 0 0
36 3 0 0
36 4 0 0
36 5 0 0
36 6 0 0
36 7 0 0
36 10 0 0
36 11 0 0
36 12 0 0
36 13 0 0
36 14 0 0
36 15 0 0
36 16 0 0
36 17 0 0
36 18 0 0
36 19 0 0
36 20 0 0
36 21 0 0
36 22 0 0
36 23 0 0
36 24 0 0
36 25 0 0
36 26 0 0
36 27 0 0
36 28 0 0
36 29 0 0
36 30 0 0
36 31 0 0
36 32 0 0
36 33 0 0
36 34 0 0
36 35 0 0
37 0 0 0
37 1 0 0
37 2 0 0
37 3 0 0
37 4 0 0
37 5 0 0
37 6 0 0
37 7 0 0
37 8 0 0
37 10 0 0
37 11 0 0
37 12 0 0
37 13 0 0
37 14 0 0
37 15 0 0
37 16 0 0
37 17 0 0
37 18 0 0
37 19 0 0
37 20 0 0
37 21 0 0
37 22 0 0
37 23 0 0
37 24 0 0
37 25 0 0
37 26 0 0
37 27 0 0
37 28 0 0
37 29 0 0
37 30 0 0
37 31 0 0
37 32 0 0
37 33 0 0
37 34 0 0
37 35 0 0