0 0 3 6
0 1 6 14
0 2 7 3
0 3 8 15
0 4 6 6
0 5 2 7
0 6 5 6
0 7 8 15
0 8 5 7
0 9 0 8
1 0 3 9
1 1 4 9
1 2 1 2
1 3 8 7
1 4 1 8
1 5 7 7
1 6 5 4
1 7 4 0
1 8 1 3
1 9 7 5
2 0 0 15
2 1 0 1
2 2 8 13
2 3 8 3
2 4 6 8
2 5 0 12
2 6 2 14
2 7 1 7
2 8 5 9
2 9 6 9
3 0 0 1
3 1 8 9
3 2 2 0
3 3 6 1
3 4 8 7
3 5 6 5
3 6 1 15
3 7 4 4
3 8 1 2
3 9 5 13
4 0 8 10
4 1 3 4
4 2 8 10
4 3 2 5
4 4 2 13
4 5 4 7
4 6 0 11
4 7 1 5
4 8 0 3
4 9 0 9
5 0 7 5
5 1 2 10
5 2 7 15
5 3 5 8
5 4 8 11
5 5 1 5
5 6 6 7
5 7 3 6
5 8 5 5
5 9 6 10
6 0 5 4
6 1 3 10
6 2 1 15
6 3 8 2
6 4 3 4
6 5 0 15
6 6 5 7
6 7 1 10
6 8 5 8
6 9 8 4
7 0 5 2
7 1 0 2
7 2 5 6
7 3 5 11
7 4 7 7
7 5 6 14
7 6 0 7
7 7 6 10
7 8 5 3
7 9 4 9
8 0 3 10
8 1 8 12
8 2 5 4
8 3 7 13
8 4 4 0
8 5 4 1
8 6 3 14
8 7 6 12
8 8 1 14
8 9 2 10
9 0 2 9
9 1 4 11
9 2 2 15
9 3 0 14
9 4 6 0
9 5 2 1
9 6 8 15
9 7 1 8
9 8 8 3
9 9 0 12