7 5 108 213
3 9 102 199
7 6 54 103
7 7 433 863
7 8 129 256
7 9 103 204
10 10 35 64
10 11 80 157
10 12 55 108
8 10 31 60
8 13 34 66
8 11 59 117
8 12 82 160
3 11 11 15
3 10 9 15
13 1 25 48
13 0 61 117
2 0 110 216
2 1 64 126
2 2 17 31
13 8 16 30
2 3 45 89
13 7 5 4
2 4 4 5
2 5 49 95
6 2 44 82
13 5 13 24
2 6 98 195
2 7 72 139
6 3 41 77
13 4 26 51
6 4 49 95
2 8 41 82
13 3 69 140
6 5 140 281
2 9 6 12
13 2 30 61
6 6 97 194
6 13 23 49
6 7 136 273
6 8 210 418
6 9 259 518
6 10 34 67
6 12 120 253
6 11 66 122
9 10 50 113
9 11 75 143
9 12 14 27
12 2 17 33
12 1 15 33
12 0 33 67
12 9 23 45
1 4 34 71
12 8 43 89
1 5 46 92
5 2 28 54
12 7 26 50
1 6 59 119
5 3 41 85
12 6 2 4
1 8 6 14
12 5 11 21
5 4 20 43
5 5 102 207
9 1 22 45
12 4 31 65
5 6 157 312
12 3 1 4
5 7 124 246
9 3 61 121
5 8 138 276
9 4 129 258
5 9 48 96
9 5 42 85
9 6 68 139
9 7 109 220
9 8 157 313
9 9 100 198
4 10 40 78
7 14 15 30
7 11 75 142
7 10 24 57
7 13 34 66
7 12 44 88
11 3 15 29
11 2 10 18
11 1 4 7
11 0 18 36
4 0 14 28
0 4 2 10
4 1 82 165
0 5 10 14
11 9 4 6
0 6 55 110
4 2 34 67
11 8 56 115
4 3 79 159
11 7 66 131
4 4 74 151
11 6 32 66
4 5 131 262
4 6 104 207
11 5 14 27
8 3 44 87
11 4 14 26
4 7 49 98
4 8 110 221
8 4 55 111
4 9 117 236
8 5 130 266
8 6 63 123
8 7 67 132
8 8 250 501
8 9 84 168
2 10 35 73
5 12 17 34
5 13 3 9
11 11 21 45
5 10 156 314
5 11 57 116
10 3 20 39
10 4 49 100
10 1 17 35
10 2 20 40
3 0 28 58
3 1 39 78
3 2 20 43
10 9 71 143
3 3 16 29
3 4 140 288
14 5 5 10
10 7 134 270
3 5 116 235
10 8 156 313
7 2 30 58
14 3 24 47
3 6 23 48
10 5 45 93
3 7 80 154
7 4 60 119
3 8 70 147
10 6 20 43
0 0 0 0
0 1 0 0
0 2 0 0
0 3 0 0
0 7 0 0
0 8 0 0
0 9 0 0
0 10 0 0
0 11 0 0
0 12 0 0
0 13 0 0
0 14 0 0
1 0 0 0
1 1 0 0
1 2 0 0
1 3 0 0
1 7 0 0
1 9 0 0
1 10 0 0
1 11 0 0
1 12 0 0
1 13 0 0
1 14 0 0
2 11 0 0
2 12 0 0
2 13 0 0
2 14 0 0
3 12 0 0
3 13 0 0
3 14 0 0
4 11 0 0
4 12 0 0
4 13 0 0
4 14 0 0
5 0 0 0
5 1 0 0
5 14 0 0
6 0 0 0
6 1 0 0
6 14 0 0
7 0 0 0
7 1 0 0
7 3 0 0
8 0 0 0
8 1 0 0
8 2 0 0
8 14 0 0
9 0 0 0
9 2 0 0
9 13 0 0
9 14 0 0
10 0 0 0
10 13 0 0
10 14 0 0
11 10 0 0
11 12 0 0
11 13 0 0
11 14 0 0
12 10 0 0
12 11 0 0
12 12 0 0
12 13 0 0
12 14 0 0
13 6 0 0
13 9 0 0
13 10 0 0
13 11 0 0
13 12 0 0
13 13 0 0
13 14 0 0
14 0 0 0
14 1 0 0
14 2 0 0
14 4 0 0
14 6 0 0
14 7 0 0
14 8 0 0
14 9 0 0
14 10 0 0
14 11 0 0
14 12 0 0
14 13 0 0
14 14 0 0