0 0 5 15
0 1 6 8
0 2 2 9
0 3 7 5
0 4 1 13
0 5 1 13
0 6 0 4
0 7 0 1
0 8 0 9
0 9 2 7
0 10 5 10
0 11 7 10
0 12 7 11
0 13 5 0
0 14 4 15
0 15 8 13
0 16 2 9
0 17 2 7
0 18 8 15
0 19 7 9
1 0 8 1
1 1 5 11
1 2 8 9
1 3 3 2
1 4 6 3
1 5 0 4
1 6 3 14
1 7 0 15
1 8 3 4
1 9 7 10
1 10 1 7
1 11 5 12
1 12 0 12
1 13 3 11
1 14 0 12
1 15 3 8
1 16 2 9
1 17 7 10
1 18 7 14
1 19 5 8
2 0 0 10
2 1 7 11
2 2 0 14
2 3 6 2
2 4 2 4
2 5 3 8
2 6 4 3
2 7 4 3
2 8 0 1
2 9 7 14
2 10 5 8
2 11 4 10
2 12 7 12
2 13 0 1
2 14 6 11
2 15 7 11
2 16 6 6
2 17 3 4
2 18 6 0
2 19 1 13
3 0 7 4
3 1 3 1
3 2 2 12
3 3 6 12
3 4 5 15
3 5 1 7
3 6 2 10
3 7 7 7
3 8 0 3
3 9 5 7
3 10 8 9
3 11 1 3
3 12 8 0
3 13 0 7
3 14 6 12
3 15 2 6
3 16 8 12
3 17 3 15
3 18 0 9
3 19 6 13
4 0 6 15
4 1 7 15
4 2 1 11
4 3 8 7
4 4 1 5
4 5 1 6
4 6 3 0
4 7 0 8
4 8 3 0
4 9 6 12
4 10 1 11
4 11 6 7
4 12 0 3
4 13 6 9
4 14 4 3
4 15 6 0
4 16 7 8
4 17 2 12
4 18 4 2
4 19 0 3
5 0 6 11
5 1 7 5
5 2 2 7
5 3 7 2
5 4 7 13
5 5 2 11
5 6 0 5
5 7 1 7
5 8 8 2
5 9 4 7
5 10 8 2
5 11 4 12
5 12 3 3
5 13 4 7
5 14 0 8
5 15 4 1
5 16 6 13
5 17 8 12
5 18 3 7
5 19 2 10
6 0 0 0
6 1 0 12
6 2 6 1
6 3 0 14
6 4 5 0
6 5 3 1
6 6 7 13
6 7 4 9
6 8 6 7
6 9 0 8
6 10 3 5
6 11 1 10
6 12 2 2
6 13 1 3
6 14 5 8
6 15 2 6
6 16 5 0
6 17 8 8
6 18 4 8
6 19 2 4
7 0 7 6
7 1 0 15
7 2 4 13
7 3 7 15
7 4 3 13
7 5 4 8
7 6 6 0
7 7 5 7
7 8 3 2
7 9 7 2
7 10 5 1
7 11 5 15
7 12 8 6
7 13 4 5
7 14 0 1
7 15 4 0
7 16 3 12
7 17 5 9
7 18 8 9
7 19 5 5
8 0 0 13
8 1 4 13
8 2 1 1
8 3 0 14
8 4 0 7
8 5 6 1
8 6 8 10
8 7 4 14
8 8 4 9
8 9 0 12
8 10 1 5
8 11 1 12
8 12 6 9
8 13 7 8
8 14 2 10
8 15 8 5
8 16 4 14
8 17 7 0
8 18 2 2
8 19 4 9
9 0 1 6
9 1 7 9
9 2 3 12
9 3 1 9
9 4 3 2
9 5 6 6
9 6 3 12
9 7 7 0
9 8 5 5
9 9 0 2
9 10 6 7
9 11 1 7
9 12 1 9
9 13 8 10
9 14 8 8
9 15 1 14
9 16 3 10
9 17 4 0
9 18 0 15
9 19 1 10
10 0 2 8
10 1 0 9
10 2 3 13
10 3 4 2
10 4 1 9
10 5 6 0
10 6 7 9
10 7 7 1
10 8 2 5
10 9 4 2
10 10 0 14
10 11 5 7
10 12 1 9
10 13 4 15
10 14 4 10
10 15 8 8
10 16 7 5
10 17 2 15
10 18 2 0
10 19 2 11
11 0 1 13
11 1 5 11
11 2 5 7
11 3 4 12
11 4 4 11
11 5 2 15
11 6 6 9
11 7 2 11
11 8 4 11
11 9 4 15
11 10 8 6
11 11 5 10
11 12 2 14
11 13 3 15
11 14 0 14
11 15 0 3
11 16 3 8
11 17 1 9
11 18 6 10
11 19 1 0
12 0 6 3
12 1 4 11
12 2 5 4
12 3 0 1
12 4 2 9
12 5 7 6
12 6 4 10
12 7 4 10
12 8 3 13
12 9 6 1
12 10 2 15
12 11 4 2
12 12 3 3
12 13 3 3
12 14 6 10
12 15 7 6
12 16 1 4
12 17 0 13
12 18 4 5
12 19 5 3
13 0 2 11
13 1 4 14
13 2 2 15
13 3 1 15
13 4 2 10
13 5 0 12
13 6 5 10
13 7 5 1
13 8 7 6
13 9 0 2
13 10 0 4
13 11 4 4
13 12 8 6
13 13 4 13
13 14 8 4
13 15 3 8
13 16 4 8
13 17 8 13
13 18 2 12
13 19 5 1
14 0 3 12
14 1 6 10
14 2 6 8
14 3 4 6
14 4 1 8
14 5 5 13
14 6 4 15
14 7 3 3
14 8 0 2
14 9 0 2
14 10 4 11
14 11 2 8
14 12 2 9
14 13 6 13
14 14 1 10
14 15 2 8
14 16 4 12
14 17 4 2
14 18 0 1
14 19 6 11
15 0 6 1
15 1 2 11
15 2 8 4
15 3 2 12
15 4 0 0
15 5 6 6
15 6 5 15
15 7 6 11
15 8 6 5
15 9 4 5
15 10 0 1
15 11 6 12
15 12 1 2
15 13 6 12
15 14 8 12
15 15 2 6
15 16 5 10
15 17 8 6
15 18 8 6
15 19 5 5
16 0 0 7
16 1 7 0
16 2 5 10
16 3 3 9
16 4 5 5
16 5 8 13
16 6 3 8
16 7 4 5
16 8 8 5
16 9 0 0
16 10 6 1
16 11 1 1
16 12 4 11
16 13 4 5
16 14 4 12
16 15 0 8
16 16 3 0
16 17 6 8
16 18 6 4
16 19 6 10
17 0 8 0
17 1 2 12
17 2 7 8
17 3 4 11
17 4 7 13
17 5 1 6
17 6 6 9
17 7 7 3
17 8 8 11
17 9 4 0
17 10 5 15
17 11 5 12
17 12 8 2
17 13 1 7
17 14 1 5
17 15 5 7
17 16 5 15
17 17 4 12
17 18 6 8
17 19 7 7
18 0 4 3
18 1 1 6
18 2 7 12
18 3 5 3
18 4 4 3
18 5 3 15
18 6 2 7
18 7 3 9
18 8 0 6
18 9 7 3
18 10 7 4
18 11 2 6
18 12 0 10
18 13 0 4
18 14 7 1
18 15 5 15
18 16 7 15
18 17 7 9
18 18 8 1
18 19 0 11
19 0 3 10
19 1 6 10
19 2 4 11
19 3 5 6
19 4 0 4
19 5 5 5
19 6 6 9
19 7 6 0
19 8 2 8
19 9 0 12
19 10 1 10
19 11 0 12
19 12 1 8
19 13 6 5
19 14 3 1
19 15 8 2
19 16 0 9
19 17 3 9
19 18 6 3
19 19 5 13