0 0 0 4
0 1 11 0
0 2 0 8
0 3 2 0
0 4 0 17
0 5 5 0
0 6 0 0
0 7 0 0
0 8 0 13
0 9 1 0
0 10 0 6
0 11 1 0
0 12 0 7
0 13 10 0
0 14 0 19
0 15 6 0
0 16 0 13
0 17 0 0
0 18 0 3
0 19 10 0
0 20 0 16
0 21 10 0
0 22 0 7
0 23 5 0
0 24 0 1
0 25 5 0
0 26 0 18
0 27 9 0
0 28 0 15
0 29 11 0
0 30 0 7
0 31 5 0
0 32 0 3
0 33 4 0
0 34 0 2
0 35 9 0
0 36 0 17
0 37 5 0
0 38 0 8
0 39 3 0
1 0 0 7
1 1 8 0
1 2 0 16
1 3 10 0
1 4 0 9
1 5 1 0
1 6 0 8
1 7 2 0
1 8 0 9
1 9 8 0
1 10 0 4
1 11 9 0
1 12 0 13
1 13 0 0
1 14 0 11
1 15 0 0
1 16 0 5
1 17 10 0
1 18 0 19
1 19 10 0
1 20 0 15
1 21 8 0
1 22 0 7
1 23 1 0
1 24 0 2
1 25 10 0
1 26 0 8
1 27 4 0
1 28 0 7
1 29 9 0
1 30 0 11
1 31 11 0
1 32 0 11
1 33 11 0
1 34 0 8
1 35 7 0
1 36 0 9
1 37 8 0
1 38 0 18
1 39 5 0
2 0 0 6
2 1 8 0
2 2 0 16
2 3 0 0
2 4 0 0
2 5 10 0
2 6 0 13
2 7 0 0
2 8 0 2
2 9 11 0
2 10 0 8
2 11 4 0
2 12 0 5
2 13 5 0
2 14 0 13
2 15 4 0
2 16 0 10
2 17 0 0
2 18 0 14
2 19 4 0
2 20 0 8
2 21 1 0
2 22 0 14
2 23 3 0
2 24 0 3
2 25 10 0
2 26 0 11
2 27 9 0
2 28 0 16
2 29 11 0
2 30 0 2
2 31 6 0
2 32 0 17
2 33 0 0
2 34 0 20
2 35 0 0
2 36 0 5
2 37 8 0
2 38 0 19
2 39 4 0
3 0 0 20
3 1 4 0
3 2 0 18
3 3 1 0
3 4 0 8
3 5 10 0
3 6 0 0
3 7 1 0
3 8 0 3
3 9 11 0
3 10 0 10
3 11 11 0
3 12 0 15
3 13 9 0
3 14 0 16
3 15 7 0
3 16 0 20
3 17 1 0
3 18 0 8
3 19 10 0
3 20 0 4
3 21 10 0
3 22 0 4
3 23 2 0
3 24 0 5
3 25 0 0
3 26 0 2
3 27 11 0
3 28 0 15
3 29 11 0
3 30 0 3
3 31 5 0
3 32 0 16
3 33 9 0
3 34 0 20
3 35 11 0
3 36 0 10
3 37 0 0
3 38 0 13
3 39 5 0
4 0 0 6
4 1 5 0
4 2 0 16
4 3 7 0
4 4 0 20
4 5 6 0
4 6 0 5
4 7 8 0
4 8 0 12
4 9 1 0
4 10 0 12
4 11 4 0
4 12 0 12
4 13 2 0
4 14 0 18
4 15 10 0
4 16 0 17
4 17 9 0
4 18 0 20
4 19 7 0
4 20 0 17
4 21 6 0
4 22 0 17
4 23 1 0
4 24 0 3
4 25 3 0
4 26 0 12
4 27 2 0
4 28 0 6
4 29 5 0
4 30 0 0
4 31 10 0
4 32 0 17
4 33 8 0
4 34 0 5
4 35 4 0
4 36 0 19
4 37 2 0
4 38 0 3
4 39 1 0
5 0 0 4
5 1 9 0
5 2 0 9
5 3 3 0
5 4 0 2
5 5 2 0
5 6 0 0
5 7 7 0
5 8 0 18
5 9 6 0
5 10 0 11
5 11 8 0
5 12 0 18
5 13 0 0
5 14 0 8
5 15 10 0
5 16 0 2
5 17 1 0
5 18 0 13
5 19 4 0
5 20 0 17
5 21 7 0
5 22 0 15
5 23 7 0
5 24 0 15
5 25 11 0
5 26 0 11
5 27 4 0
5 28 0 6
5 29 4 0
5 30 0 12
5 31 6 0
5 32 0 7
5 33 5 0
5 34 0 14
5 35 1 0
5 36 0 9
5 37 6 0
5 38 0 13
5 39 0 0
6 0 0 9
6 1 3 0
6 2 0 5
6 3 0 0
6 4 0 17
6 5 4 0
6 6 0 8
6 7 7 0
6 8 0 4
6 9 7 0
6 10 0 1
6 11 3 0
6 12 0 11
6 13 6 0
6 14 0 20
6 15 8 0
6 16 0 13
6 17 10 0
6 18 0 19
6 19 1 0
6 20 0 6
6 21 9 0
6 22 0 5
6 23 11 0
6 24 0 11
6 25 5 0
6 26 0 11
6 27 4 0
6 28 0 18
6 29 6 0
6 30 0 20
6 31 2 0
6 32 0 7
6 33 1 0
6 34 0 16
6 35 1 0
6 36 0 10
6 37 7 0
6 38 0 12
6 39 9 0
7 0 0 0
7 1 10 0
7 2 0 2
7 3 9 0
7 4 0 16
7 5 0 0
7 6 0 5
7 7 1 0
7 8 0 13
7 9 10 0
7 10 0 20
7 11 6 0
7 12 0 19
7 13 3 0
7 14 0 20
7 15 8 0
7 16 0 0
7 17 2 0
7 18 0 16
7 19 3 0
7 20 0 16
7 21 11 0
7 22 0 12
7 23 3 0
7 24 0 6
7 25 6 0
7 26 0 5
7 27 6 0
7 28 0 16
7 29 3 0
7 30 0 3
7 31 6 0
7 32 0 19
7 33 1 0
7 34 0 14
7 35 1 0
7 36 0 7
7 37 3 0
7 38 0 15
7 39 11 0
8 0 0 5
8 1 2 0
8 2 0 0
8 3 11 0
8 4 0 14
8 5 8 0
8 6 0 0
8 7 6 0
8 8 0 13
8 9 11 0
8 10 0 2
8 11 6 0
8 12 0 7
8 13 8 0
8 14 0 17
8 15 1 0
8 16 0 1
8 17 4 0
8 18 0 11
8 19 4 0
8 20 0 1
8 21 11 0
8 22 0 6
8 23 8 0
8 24 0 11
8 25 8 0
8 26 0 1
8 27 8 0
8 28 0 10
8 29 6 0
8 30 0 0
8 31 9 0
8 32 0 5
8 33 6 0
8 34 0 2
8 35 0 0
8 36 0 19
8 37 6 0
8 38 0 10
8 39 4 0
9 0 0 19
9 1 8 0
9 2 0 7
9 3 10 0
9 4 0 0
9 5 9 0
9 6 0 19
9 7 3 0
9 8 0 14
9 9 10 0
9 10 0 5
9 11 5 0
9 12 0 14
9 13 7 0
9 14 0 16
9 15 10 0
9 16 0 9
9 17 3 0
9 18 0 4
9 19 0 0
9 20 0 1
9 21 5 0
9 22 0 11
9 23 3 0
9 24 0 0
9 25 6 0
9 26 0 8
9 27 6 0
9 28 0 17
9 29 1 0
9 30 0 18
9 31 10 0
9 32 0 7
9 33 1 0
9 34 0 1
9 35 2 0
9 36 0 1
9 37 3 0
9 38 0 10
9 39 1 0
10 0 0 20
10 1 5 0
10 2 0 19
10 3 11 0
10 4 0 0
10 5 0 0
10 6 0 7
10 7 1 0
10 8 0 4
10 9 2 0
10 10 0 20
10 11 0 0
10 12 0 8
10 13 5 0
10 14 0 11
10 15 1 0
10 16 0 15
10 17 7 0
10 18 0 0
10 19 0 0
10 20 0 16
10 21 3 0
10 22 0 3
10 23 1 0
10 24 0 13
10 25 11 0
10 26 0 2
10 27 10 0
10 28 0 15
10 29 0 0
10 30 0 4
10 31 8 0
10 32 0 5
10 33 8 0
10 34 0 1
10 35 9 0
10 36 0 1
10 37 8 0
10 38 0 0
10 39 7 0
11 0 0 5
11 1 6 0
11 2 0 13
11 3 8 0
11 4 0 19
11 5 5 0
11 6 0 5
11 7 4 0
11 8 0 2
11 9 7 0
11 10 0 16
11 11 6 0
11 12 0 6
11 13 10 0
11 14 0 3
11 15 4 0
11 16 0 17
11 17 1 0
11 18 0 12
11 19 2 0
11 20 0 0
11 21 10 0
11 22 0 5
11 23 3 0
11 24 0 14
11 25 2 0
11 26 0 19
11 27 3 0
11 28 0 11
11 29 1 0
11 30 0 15
11 31 6 0
11 32 0 1
11 33 2 0
11 34 0 2
11 35 8 0
11 36 0 5
11 37 1 0
11 38 0 10
11 39 11 0
12 0 0 19
12 1 9 0
12 2 0 7
12 3 1 0
12 4 0 20
12 5 5 0
12 6 0 17
12 7 3 0
12 8 0 18
12 9 7 0
12 10 0 1
12 11 10 0
12 12 0 12
12 13 4 0
12 14 0 13
12 15 6 0
12 16 0 6
12 17 2 0
12 18 0 7
12 19 2 0
12 20 0 8
12 21 10 0
12 22 0 9
12 23 9 0
12 24 0 7
12 25 2 0
12 26 0 15
12 27 1 0
12 28 0 13
12 29 5 0
12 30 0 2
12 31 6 0
12 32 0 13
12 33 10 0
12 34 0 15
12 35 7 0
12 36 0 15
12 37 9 0
12 38 0 13
12 39 10 0
13 0 0 19
13 1 5 0
13 2 0 6
13 3 3 0
13 4 0 7
13 5 7 0
13 6 0 12
13 7 5 0
13 8 0 3
13 9 5 0
13 10 0 6
13 11 5 0
13 12 0 1
13 13 8 0
13 14 0 11
13 15 1 0
13 16 0 0
13 17 11 0
13 18 0 20
13 19 10 0
13 20 0 12
13 21 6 0
13 22 0 13
13 23 6 0
13 24 0 15
13 25 3 0
13 26 0 5
13 27 10 0
13 28 0 12
13 29 0 0
13 30 0 7
13 31 9 0
13 32 0 4
13 33 4 0
13 34 0 19
13 35 8 0
13 36 0 8
13 37 5 0
13 38 0 8
13 39 8 0
14 0 0 15
14 1 5 0
14 2 0 3
14 3 8 0
14 4 0 17
14 5 2 0
14 6 0 12
14 7 4 0
14 8 0 2
14 9 8 0
14 10 0 10
14 11 3 0
14 12 0 1
14 13 6 0
14 14 0 12
14 15 1 0
14 16 0 2
14 17 5 0
14 18 0 2
14 19 6 0
14 20 0 9
14 21 4 0
14 22 0 12
14 23 5 0
14 24 0 19
14 25 3 0
14 26 0 0
14 27 1 0
14 28 0 6
14 29 0 0
14 30 0 8
14 31 4 0
14 32 0 8
14 33 9 0
14 34 0 14
14 35 11 0
14 36 0 1
14 37 0 0
14 38 0 0
14 39 8 0
15 0 0 15
15 1 1 0
15 2 0 17
15 3 0 0
15 4 0 11
15 5 11 0
15 6 0 11
15 7 1 0
15 8 0 11
15 9 7 0
15 10 0 7
15 11 1 0
15 12 0 10
15 13 0 0
15 14 0 13
15 15 5 0
15 16 0 20
15 17 10 0
15 18 0 16
15 19 3 0
15 20 0 15
15 21 11 0
15 22 0 9
15 23 8 0
15 24 0 4
15 25 5 0
15 26 0 12
15 27 3 0
15 28 0 15
15 29 10 0
15 30 0 15
15 31 4 0
15 32 0 15
15 33 2 0
15 34 0 6
15 35 2 0
15 36 0 5
15 37 1 0
15 38 0 6
15 39 9 0
16 0 0 4
16 1 10 0
16 2 0 4
16 3 5 0
16 4 0 2
16 5 9 0
16 6 0 6
16 7 9 0
16 8 0 10
16 9 9 0
16 10 0 0
16 11 9 0
16 12 0 12
16 13 7 0
16 14 0 11
16 15 9 0
16 16 0 20
16 17 1 0
16 18 0 4
16 19 3 0
16 20 0 20
16 21 8 0
16 22 0 15
16 23 8 0
16 24 0 18
16 25 7 0
16 26 0 16
16 27 8 0
16 28 0 18
16 29 10 0
16 30 0 16
16 31 2 0
16 32 0 20
16 33 4 0
16 34 0 8
16 35 5 0
16 36 0 16
16 37 1 0
16 38 0 3
16 39 10 0
17 0 0 1
17 1 1 0
17 2 0 20
17 3 11 0
17 4 0 13
17 5 7 0
17 6 0 20
17 7 5 0
17 8 0 8
17 9 2 0
17 10 0 19
17 11 3 0
17 12 0 0
17 13 7 0
17 14 0 0
17 15 9 0
17 16 0 12
17 17 5 0
17 18 0 11
17 19 2 0
17 20 0 16
17 21 4 0
17 22 0 9
17 23 3 0
17 24 0 13
17 25 11 0
17 26 0 10
17 27 9 0
17 28 0 11
17 29 6 0
17 30 0 17
17 31 7 0
17 32 0 19
17 33 5 0
17 34 0 15
17 35 1 0
17 36 0 14
17 37 6 0
17 38 0 6
17 39 10 0
18 0 0 17
18 1 3 0
18 2 0 9
18 3 11 0
18 4 0 20
18 5 6 0
18 6 0 5
18 7 6 0
18 8 0 0
18 9 3 0
18 10 0 18
18 11 4 0
18 12 0 8
18 13 6 0
18 14 0 18
18 15 7 0
18 16 0 13
18 17 2 0
18 18 0 16
18 19 1 0
18 20 0 19
18 21 11 0
18 22 0 4
18 23 11 0
18 24 0 12
18 25 5 0
18 26 0 18
18 27 0 0
18 28 0 11
18 29 7 0
18 30 0 16
18 31 11 0
18 32 0 4
18 33 0 0
18 34 0 20
18 35 0 0
18 36 0 8
18 37 9 0
18 38 0 7
18 39 7 0
19 0 0 18
19 1 5 0
19 2 0 20
19 3 7 0
19 4 0 1
19 5 8 0
19 6 0 5
19 7 5 0
19 8 0 4
19 9 1 0
19 10 0 19
19 11 6 0
19 12 0 11
19 13 4 0
19 14 0 10
19 15 1 0
19 16 0 17
19 17 1 0
19 18 0 3
19 19 6 0
19 20 0 1
19 21 3 0
19 22 0 16
19 23 8 0
19 24 0 1
19 25 6 0
19 26 0 13
19 27 5 0
19 28 0 2
19 29 9 0
19 30 0 8
19 31 8 0
19 32 0 2
19 33 4 0
19 34 0 17
19 35 6 0
19 36 0 18
19 37 7 0
19 38 0 15
19 39 6 0
20 0 0 16
20 1 1 0
20 2 0 18
20 3 3 0
20 4 0 0
20 5 2 0
20 6 0 13
20 7 6 0
20 8 0 20
20 9 10 0
20 10 0 4
20 11 9 0
20 12 0 0
20 13 0 0
20 14 0 5
20 15 10 0
20 16 0 6
20 17 11 0
20 18 0 8
20 19 2 0
20 20 0 8
20 21 0 0
20 22 0 0
20 23 6 0
20 24 0 7
20 25 11 0
20 26 0 12
20 27 1 0
20 28 0 4
20 29 2 0
20 30 0 4
20 31 0 0
20 32 0 13
20 33 5 0
20 34 0 12
20 35 4 0
20 36 0 5
20 37 0 0
20 38 0 10
20 39 8 0
21 0 0 17
21 1 3 0
21 2 0 2
21 3 1 0
21 4 0 18
21 5 9 0
21 6 0 13
21 7 8 0
21 8 0 18
21 9 1 0
21 10 0 15
21 11 3 0
21 12 0 13
21 13 4 0
21 14 0 3
21 15 0 0
21 16 0 10
21 17 2 0
21 18 0 19
21 19 8 0
21 20 0 9
21 21 9 0
21 22 0 5
21 23 2 0
21 24 0 3
21 25 5 0
21 26 0 1
21 27 10 0
21 28 0 11
21 29 6 0
21 30 0 6
21 31 2 0
21 32 0 14
21 33 0 0
21 34 0 1
21 35 8 0
21 36 0 2
21 37 2 0
21 38 0 15
21 39 2 0
22 0 0 20
22 1 7 0
22 2 0 18
22 3 9 0
22 4 0 16
22 5 1 0
22 6 0 3
22 7 2 0
22 8 0 18
22 9 1 0
22 10 0 3
22 11 0 0
22 12 0 1
22 13 8 0
22 14 0 19
22 15 8 0
22 16 0 12
22 17 9 0
22 18 0 4
22 19 7 0
22 20 0 10
22 21 4 0
22 22 0 0
22 23 0 0
22 24 0 6
22 25 9 0
22 26 0 18
22 27 0 0
22 28 0 18
22 29 3 0
22 30 0 20
22 31 8 0
22 32 0 5
22 33 6 0
22 34 0 2
22 35 6 0
22 36 0 4
22 37 9 0
22 38 0 13
22 39 4 0
23 0 0 9
23 1 0 0
23 2 0 8
23 3 4 0
23 4 0 13
23 5 3 0
23 6 0 5
23 7 10 0
23 8 0 0
23 9 6 0
23 10 0 8
23 11 5 0
23 12 0 20
23 13 7 0
23 14 0 17
23 15 3 0
23 16 0 6
23 17 11 0
23 18 0 16
23 19 0 0
23 20 0 13
23 21 5 0
23 22 0 4
23 23 3 0
23 24 0 10
23 25 9 0
23 26 0 4
23 27 0 0
23 28 0 6
23 29 6 0
23 30 0 19
23 31 11 0
23 32 0 9
23 33 4 0
23 34 0 6
23 35 8 0
23 36 0 7
23 37 3 0
23 38 0 13
23 39 9 0
24 0 0 12
24 1 7 0
24 2 0 9
24 3 4 0
24 4 0 13
24 5 10 0
24 6 0 13
24 7 9 0
24 8 0 16
24 9 5 0
24 10 0 18
24 11 0 0
24 12 0 4
24 13 11 0
24 14 0 9
24 15 1 0
24 16 0 16
24 17 8 0
24 18 0 3
24 19 7 0
24 20 0 16
24 21 3 0
24 22 0 1
24 23 10 0
24 24 0 5
24 25 0 0
24 26 0 16
24 27 0 0
24 28 0 17
24 29 3 0
24 30 0 14
24 31 4 0
24 32 0 4
24 33 4 0
24 34 0 19
24 35 2 0
24 36 0 16
24 37 9 0
24 38 0 14
24 39 0 0
25 0 0 8
25 1 11 0
25 2 0 2
25 3 1 0
25 4 0 8
25 5 5 0
25 6 0 18
25 7 4 0
25 8 0 11
25 9 3 0
25 10 0 1
25 11 9 0
25 12 0 18
25 13 8 0
25 14 0 20
25 15 1 0
25 16 0 1
25 17 0 0
25 18 0 3
25 19 5 0
25 20 0 19
25 21 4 0
25 22 0 17
25 23 7 0
25 24 0 15
25 25 5 0
25 26 0 16
25 27 1 0
25 28 0 13
25 29 4 0
25 30 0 11
25 31 0 0
25 32 0 6
25 33 1 0
25 34 0 10
25 35 5 0
25 36 0 7
25 37 7 0
25 38 0 12
25 39 4 0
26 0 0 9
26 1 10 0
26 2 0 5
26 3 4 0
26 4 0 0
26 5 10 0
26 6 0 0
26 7 4 0
26 8 0 4
26 9 5 0
26 10 0 19
26 11 2 0
26 12 0 12
26 13 0 0
26 14 0 6
26 15 10 0
26 16 0 18
26 17 7 0
26 18 0 6
26 19 4 0
26 20 0 1
26 21 0 0
26 22 0 16
26 23 7 0
26 24 0 6
26 25 0 0
26 26 0 0
26 27 10 0
26 28 0 3
26 29 6 0
26 30 0 6
26 31 3 0
26 32 0 0
26 33 6 0
26 34 0 10
26 35 11 0
26 36 0 18
26 37 11 0
26 38 0 17
26 39 4 0
27 0 0 6
27 1 6 0
27 2 0 15
27 3 3 0
27 4 0 5
27 5 1 0
27 6 0 7
27 7 2 0
27 8 0 4
27 9 4 0
27 10 0 11
27 11 11 0
27 12 0 2
27 13 8 0
27 14 0 6
27 15 7 0
27 16 0 8
27 17 3 0
27 18 0 16
27 19 0 0
27 20 0 16
27 21 9 0
27 22 0 3
27 23 7 0
27 24 0 12
27 25 6 0
27 26 0 16
27 27 3 0
27 28 0 16
27 29 9 0
27 30 0 1
27 31 8 0
27 32 0 20
27 33 7 0
27 34 0 2
27 35 0 0
27 36 0 19
27 37 10 0
27 38 0 3
27 39 6 0
28 0 0 18
28 1 2 0
28 2 0 6
28 3 10 0
28 4 0 14
28 5 4 0
28 6 0 20
28 7 11 0
28 8 0 15
28 9 6 0
28 10 0 20
28 11 1 0
28 12 0 10
28 13 8 0
28 14 0 14
28 15 7 0
28 16 0 20
28 17 10 0
28 18 0 3
28 19 6 0
28 20 0 1
28 21 7 0
28 22 0 13
28 23 0 0
28 24 0 11
28 25 4 0
28 26 0 8
28 27 2 0
28 28 0 1
28 29 7 0
28 30 0 4
28 31 2 0
28 32 0 7
28 33 5 0
28 34 0 1
28 35 2 0
28 36 0 0
28 37 4 0
28 38 0 2
28 39 7 0
29 0 0 9
29 1 9 0
29 2 0 8
29 3 7 0
29 4 0 12
29 5 11 0
29 6 0 4
29 7 7 0
29 8 0 17
29 9 6 0
29 10 0 2
29 11 6 0
29 12 0 11
29 13 6 0
29 14 0 0
29 15 4 0
29 16 0 17
29 17 5 0
29 18 0 17
29 19 4 0
29 20 0 20
29 21 9 0
29 22 0 0
29 23 11 0
29 24 0 18
29 25 3 0
29 26 0 19
29 27 6 0
29 28 0 7
29 29 9 0
29 30 0 11
29 31 8 0
29 32 0 18
29 33 9 0
29 34 0 6
29 35 5 0
29 36 0 9
29 37 11 0
29 38 0 4
29 39 4 0
30 0 0 6
30 1 11 0
30 2 0 5
30 3 10 0
30 4 0 14
30 5 1 0
30 6 0 1
30 7 1 0
30 8 0 13
30 9 3 0
30 10 0 19
30 11 10 0
30 12 0 11
30 13 11 0
30 14 0 2
30 15 11 0
30 16 0 17
30 17 6 0
30 18 0 9
30 19 10 0
30 20 0 7
30 21 6 0
30 22 0 11
30 23 0 0
30 24 0 1
30 25 5 0
30 26 0 8
30 27 3 0
30 28 0 18
30 29 3 0
30 30 0 17
30 31 5 0
30 32 0 7
30 33 4 0
30 34 0 12
30 35 6 0
30 36 0 7
30 37 4 0
30 38 0 10
30 39 6 0
31 0 0 1
31 1 5 0
31 2 0 20
31 3 9 0
31 4 0 0
31 5 1 0
31 6 0 9
31 7 0 0
31 8 0 15
31 9 1 0
31 10 0 6
31 11 3 0
31 12 0 19
31 13 7 0
31 14 0 12
31 15 5 0
31 16 0 14
31 17 1 0
31 18 0 7
31 19 2 0
31 20 0 9
31 21 3 0
31 22 0 9
31 23 2 0
31 24 0 6
31 25 9 0
31 26 0 6
31 27 7 0
31 28 0 10
31 29 11 0
31 30 0 18
31 31 3 0
31 32 0 12
31 33 8 0
31 34 0 19
31 35 11 0
31 36 0 10
31 37 11 0
31 38 0 1
31 39 9 0
32 0 0 4
32 1 0 0
32 2 0 8
32 3 7 0
32 4 0 14
32 5 4 0
32 6 0 8
32 7 11 0
32 8 0 5
32 9 9 0
32 10 0 19
32 11 5 0
32 12 0 19
32 13 4 0
32 14 0 19
32 15 3 0
32 16 0 6
32 17 3 0
32 18 0 14
32 19 0 0
32 20 0 16
32 21 10 0
32 22 0 20
32 23 4 0
32 24 0 7
32 25 10 0
32 26 0 0
32 27 6 0
32 28 0 14
32 29 1 0
32 30 0 0
32 31 3 0
32 32 0 12
32 33 0 0
32 34 0 1
32 35 4 0
32 36 0 10
32 37 10 0
32 38 0 15
32 39 4 0
33 0 0 5
33 1 6 0
33 2 0 20
33 3 4 0
33 4 0 14
33 5 0 0
33 6 0 20
33 7 5 0
33 8 0 5
33 9 0 0
33 10 0 11
33 11 9 0
33 12 0 18
33 13 10 0
33 14 0 20
33 15 6 0
33 16 0 16
33 17 5 0
33 18 0 11
33 19 5 0
33 20 0 7
33 21 4 0
33 22 0 5
33 23 9 0
33 24 0 17
33 25 4 0
33 26 0 18
33 27 6 0
33 28 0 8
33 29 0 0
33 30 0 20
33 31 10 0
33 32 0 11
33 33 11 0
33 34 0 12
33 35 3 0
33 36 0 7
33 37 1 0
33 38 0 15
33 39 11 0
34 0 0 10
34 1 2 0
34 2 0 15
34 3 10 0
34 4 0 18
34 5 2 0
34 6 0 1
34 7 8 0
34 8 0 12
34 9 0 0
34 10 0 0
34 11 1 0
34 12 0 11
34 13 11 0
34 14 0 18
34 15 11 0
34 16 0 6
34 17 4 0
34 18 0 12
34 19 7 0
34 20 0 19
34 21 2 0
34 22 0 12
34 23 0 0
34 24 0 8
34 25 0 0
34 26 0 15
34 27 6 0
34 28 0 20
34 29 2 0
34 30 0 20
34 31 9 0
34 32 0 4
34 33 5 0
34 34 0 10
34 35 0 0
34 36 0 7
34 37 10 0
34 38 0 0
34 39 2 0
35 0 0 0
35 1 11 0
35 2 0 16
35 3 0 0
35 4 0 12
35 5 6 0
35 6 0 19
35 7 5 0
35 8 0 5
35 9 8 0
35 10 0 2
35 11 5 0
35 12 0 14
35 13 0 0
35 14 0 16
35 15 2 0
35 16 0 7
35 17 1 0
35 18 0 17
35 19 6 0
35 20 0 14
35 21 8 0
35 22 0 3
35 23 11 0
35 24 0 13
35 25 11 0
35 26 0 2
35 27 10 0
35 28 0 10
35 29 7 0
35 30 0 12
35 31 0 0
35 32 0 9
35 33 11 0
35 34 0 14
35 35 8 0
35 36 0 20
35 37 2 0
35 38 0 14
35 39 11 0
36 0 0 2
36 1 5 0
36 2 0 0
36 3 11 0
36 4 0 19
36 5 3 0
36 6 0 18
36 7 5 0
36 8 0 17
36 9 7 0
36 10 0 16
36 11 10 0
36 12 0 20
36 13 5 0
36 14 0 13
36 15 1 0
36 16 0 1
36 17 10 0
36 18 0 7
36 19 0 0
36 20 0 8
36 21 11 0
36 22 0 8
36 23 11 0
36 24 0 1
36 25 2 0
36 26 0 0
36 27 0 0
36 28 0 14
36 29 6 0
36 30 0 19
36 31 6 0
36 32 0 11
36 33 10 0
36 34 0 13
36 35 9 0
36 36 0 6
36 37 5 0
36 38 0 2
36 39 11 0
37 0 0 3
37 1 1 0
37 2 0 6
37 3 10 0
37 4 0 16
37 5 3 0
37 6 0 6
37 7 4 0
37 8 0 14
37 9 5 0
37 10 0 4
37 11 6 0
37 12 0 14
37 13 4 0
37 14 0 2
37 15 6 0
37 16 0 12
37 17 10 0
37 18 0 14
37 19 9 0
37 20 0 2
37 21 6 0
37 22 0 4
37 23 5 0
37 24 0 3
37 25 11 0
37 26 0 0
37 27 7 0
37 28 0 7
37 29 9 0
37 30 0 13
37 31 2 0
37 32 0 18
37 33 11 0
37 34 0 1
37 35 3 0
37 36 0 0
37 37 5 0
37 38 0 19
37 39 11 0
38 0 0 2
38 1 4 0
38 2 0 16
38 3 5 0
38 4 0 11
38 5 2 0
38 6 0 8
38 7 1 0
38 8 0 2
38 9 7 0
38 10 0 13
38 11 5 0
38 12 0 2
38 13 2 0
38 14 0 15
38 15 4 0
38 16 0 12
38 17 8 0
38 18 0 6
38 19 10 0
38 20 0 1
38 21 8 0
38 22 0 8
38 23 1 0
38 24 0 15
38 25 1 0
38 26 0 9
38 27 0 0
38 28 0 7
38 29 8 0
38 30 0 4
38 31 3 0
38 32 0 12
38 33 7 0
38 34 0 8
38 35 8 0
38 36 0 0
38 37 11 0
38 38 0 4
38 39 8 0
39 0 0 12
39 1 11 0
39 2 0 2
39 3 6 0
39 4 0 18
39 5 7 0
39 6 0 16
39 7 7 0
39 8 0 19
39 9 10 0
39 10 0 5
39 11 1 0
39 12 0 6
39 13 7 0
39 14 0 12
39 15 5 0
39 16 0 15
39 17 4 0
39 18 0 1
39 19 9 0
39 20 0 16
39 21 3 0
39 22 0 5
39 23 10 0
39 24 0 0
39 25 7 0
39 26 0 9
39 27 11 0
39 28 0 16
39 29 9 0
39 30 0 19
39 31 4 0
39 32 0 19
39 33 8 0
39 34 0 0
39 35 7 0
39 36 0 20
39 37 11 0
39 38 0 7
39 39 7 0