0 0 0 2
0 1 10 0
0 2 0 25
0 3 12 0
0 4 0 17
0 5 7 0
0 6 0 5
0 7 6 0
0 8 0 26
0 9 6 0
0 10 0 27
0 11 1 0
0 12 0 23
0 13 5 0
0 14 0 18
0 15 12 0
0 16 0 5
0 17 14 0
0 18 0 25
0 19 5 0
0 20 0 4
0 21 17 0
0 22 0 26
0 23 12 0
0 24 0 27
0 25 16 0
0 26 0 14
0 27 15 0
0 28 0 22
0 29 5 0
1 0 0 14
1 1 12 0
1 2 0 6
1 3 0 0
1 4 0 15
1 5 18 0
1 6 0 4
1 7 7 0
1 8 0 11
1 9 8 0
1 10 0 18
1 11 4 0
1 12 0 7
1 13 12 0
1 14 0 24
1 15 15 0
1 16 0 27
1 17 14 0
1 18 0 9
1 19 9 0
1 20 0 33
1 21 6 0
1 22 0 3
1 23 13 0
1 24 0 9
1 25 14 0
1 26 0 3
1 27 19 0
1 28 0 34
1 29 5 0
2 0 0 14
2 1 4 0
2 2 0 4
2 3 9 0
2 4 0 9
2 5 4 0
2 6 0 25
2 7 10 0
2 8 0 18
2 9 17 0
2 10 0 9
2 11 9 0
2 12 0 29
2 13 17 0
2 14 0 21
2 15 2 0
2 16 0 12
2 17 7 0
2 18 0 11
2 19 10 0
2 20 0 7
2 21 18 0
2 22 0 16
2 23 14 0
2 24 0 9
2 25 12 0
2 26 0 1
2 27 1 0
2 28 0 17
2 29 13 0
3 0 0 26
3 1 10 0
3 2 0 18
3 3 6 0
3 4 0 2
3 5 16 0
3 6 0 15
3 7 2 0
3 8 0 14
3 9 5 0
3 10 0 8
3 11 0 0
3 12 0 17
3 13 0 0
3 14 0 23
3 15 11 0
3 16 0 27
3 17 18 0
3 18 0 4
3 19 13 0
3 20 0 15
3 21 0 0
3 22 0 5
3 23 1 0
3 24 0 14
3 25 7 0
3 26 0 26
3 27 1 0
3 28 0 31
3 29 11 0
4 0 0 11
4 1 17 0
4 2 0 18
4 3 13 0
4 4 0 13
4 5 5 0
4 6 0 28
4 7 10 0
4 8 0 5
4 9 19 0
4 10 0 26
4 11 5 0
4 12 0 33
4 13 15 0
4 14 0 17
4 15 12 0
4 16 0 32
4 17 4 0
4 18 0 20
4 19 0 0
4 20 0 26
4 21 14 0
4 22 0 5
4 23 13 0
4 24 0 30
4 25 11 0
4 26 0 4
4 27 11 0
4 28 0 19
4 29 1 0
5 0 0 29
5 1 15 0
5 2 0 16
5 3 15 0
5 4 0 8
5 5 15 0
5 6 0 32
5 7 7 0
5 8 0 32
5 9 17 0
5 10 0 26
5 11 13 0
5 12 0 29
5 13 8 0
5 14 0 13
5 15 15 0
5 16 0 21
5 17 0 0
5 18 0 29
5 19 0 0
5 20 0 28
5 21 1 0
5 22 0 16
5 23 1 0
5 24 0 8
5 25 19 0
5 26 0 15
5 27 14 0
5 28 0 1
5 29 5 0
6 0 0 7
6 1 14 0
6 2 0 18
6 3 14 0
6 4 0 24
6 5 7 0
6 6 0 18
6 7 10 0
6 8 0 29
6 9 3 0
6 10 0 8
6 11 11 0
6 12 0 22
6 13 6 0
6 14 0 24
6 15 5 0
6 16 0 8
6 17 18 0
6 18 0 7
6 19 5 0
6 20 0 25
6 21 9 0
6 22 0 11
6 23 7 0
6 24 0 30
6 25 10 0
6 26 0 9
6 27 12 0
6 28 0 14
6 29 12 0
7 0 0 33
7 1 13 0
7 2 0 34
7 3 6 0
7 4 0 14
7 5 18 0
7 6 0 7
7 7 14 0
7 8 0 19
7 9 12 0
7 10 0 10
7 11 14 0
7 12 0 23
7 13 11 0
7 14 0 5
7 15 9 0
7 16 0 14
7 17 1 0
7 18 0 19
7 19 7 0
7 20 0 25
7 21 9 0
7 22 0 20
7 23 9 0
7 24 0 26
7 25 4 0
7 26 0 10
7 27 18 0
7 28 0 17
7 29 4 0
8 0 0 33
8 1 5 0
8 2 0 9
8 3 4 0
8 4 0 32
8 5 0 0
8 6 0 33
8 7 13 0
8 8 0 30
8 9 18 0
8 10 0 23
8 11 4 0
8 12 0 10
8 13 14 0
8 14 0 9
8 15 10 0
8 16 0 19
8 17 3 0
8 18 0 27
8 19 10 0
8 20 0 33
8 21 10 0
8 22 0 34
8 23 3 0
8 24 0 10
8 25 3 0
8 26 0 32
8 27 8 0
8 28 0 22
8 29 0 0
9 0 0 17
9 1 13 0
9 2 0 27
9 3 3 0
9 4 0 20
9 5 1 0
9 6 0 18
9 7 16 0
9 8 0 12
9 9 14 0
9 10 0 16
9 11 1 0
9 12 0 3
9 13 14 0
9 14 0 26
9 15 9 0
9 16 0 14
9 17 6 0
9 18 0 13
9 19 14 0
9 20 0 3
9 21 6 0
9 22 0 34
9 23 11 0
9 24 0 30
9 25 3 0
9 26 0 12
9 27 11 0
9 28 0 29
9 29 1 0
10 0 0 1
10 1 4 0
10 2 0 0
10 3 17 0
10 4 0 29
10 5 16 0
10 6 0 18
10 7 4 0
10 8 0 23
10 9 11 0
10 10 0 18
10 11 5 0
10 12 0 13
10 13 3 0
10 14 0 6
10 15 3 0
10 16 0 28
10 17 14 0
10 18 0 7
10 19 5 0
10 20 0 2
10 21 12 0
10 22 0 15
10 23 12 0
10 24 0 11
10 25 7 0
10 26 0 2
10 27 17 0
10 28 0 21
10 29 1 0
11 0 0 5
11 1 13 0
11 2 0 3
11 3 6 0
11 4 0 15
11 5 3 0
11 6 0 30
11 7 3 0
11 8 0 15
11 9 17 0
11 10 0 35
11 11 16 0
11 12 0 15
11 13 19 0
11 14 0 2
11 15 14 0
11 16 0 4
11 17 6 0
11 18 0 14
11 19 18 0
11 20 0 27
11 21 2 0
11 22 0 27
11 23 12 0
11 24 0 22
11 25 5 0
11 26 0 6
11 27 13 0
11 28 0 5
11 29 10 0
12 0 0 17
12 1 6 0
12 2 0 25
12 3 15 0
12 4 0 9
12 5 6 0
12 6 0 32
12 7 11 0
12 8 0 25
12 9 4 0
12 10 0 7
12 11 8 0
12 12 0 14
12 13 15 0
12 14 0 27
12 15 7 0
12 16 0 18
12 17 0 0
12 18 0 17
12 19 11 0
12 20 0 27
12 21 15 0
12 22 0 22
12 23 2 0
12 24 0 2
12 25 3 0
12 26 0 4
12 27 4 0
12 28 0 29
12 29 5 0
13 0 0 11
13 1 13 0
13 2 0 24
13 3 9 0
13 4 0 12
13 5 15 0
13 6 0 1
13 7 9 0
13 8 0 29
13 9 10 0
13 10 0 25
13 11 12 0
13 12 0 35
13 13 14 0
13 14 0 13
13 15 8 0
13 16 0 19
13 17 5 0
13 18 0 12
13 19 16 0
13 20 0 18
13 21 18 0
13 22 0 12
13 23 19 0
13 24 0 17
13 25 3 0
13 26 0 5
13 27 11 0
13 28 0 21
13 29 8 0
14 0 0 16
14 1 8 0
14 2 0 4
14 3 18 0
14 4 0 23
14 5 2 0
14 6 0 2
14 7 17 0
14 8 0 5
14 9 10 0
14 10 0 33
14 11 19 0
14 12 0 35
14 13 14 0
14 14 0 30
14 15 2 0
14 16 0 34
14 17 4 0
14 18 0 30
14 19 5 0
14 20 0 27
14 21 19 0
14 22 0 9
14 23 12 0
14 24 0 19
14 25 13 0
14 26 0 30
14 27 11 0
14 28 0 15
14 29 6 0
15 0 0 18
15 1 0 0
15 2 0 17
15 3 8 0
15 4 0 0
15 5 18 0
15 6 0 17
15 7 14 0
15 8 0 4
15 9 18 0
15 10 0 25
15 11 9 0
15 12 0 28
15 13 2 0
15 14 0 1
15 15 2 0
15 16 0 32
15 17 5 0
15 18 0 31
15 19 9 0
15 20 0 24
15 21 8 0
15 22 0 28
15 23 7 0
15 24 0 17
15 25 4 0
15 26 0 10
15 27 6 0
15 28 0 23
15 29 9 0
16 0 0 8
16 1 4 0
16 2 0 18
16 3 13 0
16 4 0 26
16 5 19 0
16 6 0 12
16 7 15 0
16 8 0 6
16 9 11 0
16 10 0 32
16 11 13 0
16 12 0 19
16 13 11 0
16 14 0 15
16 15 3 0
16 16 0 18
16 17 12 0
16 18 0 30
16 19 5 0
16 20 0 28
16 21 14 0
16 22 0 25
16 23 1 0
16 24 0 1
16 25 2 0
16 26 0 35
16 27 18 0
16 28 0 20
16 29 16 0
17 0 0 16
17 1 18 0
17 2 0 9
17 3 3 0
17 4 0 29
17 5 1 0
17 6 0 30
17 7 0 0
17 8 0 19
17 9 19 0
17 10 0 2
17 11 15 0
17 12 0 32
17 13 14 0
17 14 0 1
17 15 15 0
17 16 0 5
17 17 18 0
17 18 0 6
17 19 8 0
17 20 0 6
17 21 12 0
17 22 0 3
17 23 16 0
17 24 0 34
17 25 4 0
17 26 0 33
17 27 3 0
17 28 0 16
17 29 6 0
18 0 0 10
18 1 1 0
18 2 0 31
18 3 8 0
18 4 0 12
18 5 17 0
18 6 0 19
18 7 11 0
18 8 0 29
18 9 16 0
18 10 0 5
18 11 18 0
18 12 0 34
18 13 6 0
18 14 0 3
18 15 2 0
18 16 0 22
18 17 5 0
18 18 0 26
18 19 16 0
18 20 0 5
18 21 19 0
18 22 0 22
18 23 9 0
18 24 0 6
18 25 12 0
18 26 0 18
18 27 17 0
18 28 0 0
18 29 7 0
19 0 0 29
19 1 13 0
19 2 0 14
19 3 16 0
19 4 0 26
19 5 9 0
19 6 0 16
19 7 0 0
19 8 0 17
19 9 11 0
19 10 0 11
19 11 10 0
19 12 0 15
19 13 18 0
19 14 0 32
19 15 6 0
19 16 0 6
19 17 8 0
19 18 0 30
19 19 9 0
19 20 0 34
19 21 4 0
19 22 0 0
19 23 8 0
19 24 0 26
19 25 0 0
19 26 0 16
19 27 11 0
19 28 0 33
19 29 13 0
20 0 0 7
20 1 8 0
20 2 0 33
20 3 18 0
20 4 0 10
20 5 14 0
20 6 0 24
20 7 16 0
20 8 0 14
20 9 15 0
20 10 0 5
20 11 1 0
20 12 0 33
20 13 9 0
20 14 0 32
20 15 5 0
20 16 0 23
20 17 1 0
20 18 0 31
20 19 8 0
20 20 0 6
20 21 3 0
20 22 0 22
20 23 2 0
20 24 0 30
20 25 8 0
20 26 0 32
20 27 10 0
20 28 0 29
20 29 12 0
21 0 0 19
21 1 6 0
21 2 0 0
21 3 4 0
21 4 0 24
21 5 5 0
21 6 0 17
21 7 9 0
21 8 0 17
21 9 6 0
21 10 0 31
21 11 19 0
21 12 0 14
21 13 2 0
21 14 0 18
21 15 0 0
21 16 0 8
21 17 18 0
21 18 0 20
21 19 14 0
21 20 0 4
21 21 18 0
21 22 0 32
21 23 16 0
21 24 0 1
21 25 7 0
21 26 0 7
21 27 5 0
21 28 0 34
21 29 18 0
22 0 0 18
22 1 12 0
22 2 0 5
22 3 10 0
22 4 0 33
22 5 2 0
22 6 0 11
22 7 18 0
22 8 0 12
22 9 7 0
22 10 0 21
22 11 1 0
22 12 0 8
22 13 2 0
22 14 0 1
22 15 1 0
22 16 0 30
22 17 16 0
22 18 0 19
22 19 13 0
22 20 0 12
22 21 9 0
22 22 0 25
22 23 2 0
22 24 0 34
22 25 15 0
22 26 0 15
22 27 10 0
22 28 0 15
22 29 17 0
23 0 0 3
23 1 0 0
23 2 0 2
23 3 9 0
23 4 0 30
23 5 13 0
23 6 0 25
23 7 6 0
23 8 0 21
23 9 2 0
23 10 0 13
23 11 19 0
23 12 0 29
23 13 11 0
23 14 0 32
23 15 3 0
23 16 0 20
23 17 18 0
23 18 0 21
23 19 15 0
23 20 0 9
23 21 18 0
23 22 0 32
23 23 2 0
23 24 0 16
23 25 9 0
23 26 0 24
23 27 16 0
23 28 0 24
23 29 7 0
24 0 0 11
24 1 3 0
24 2 0 3
24 3 0 0
24 4 0 17
24 5 1 0
24 6 0 6
24 7 5 0
24 8 0 1
24 9 5 0
24 10 0 18
24 11 16 0
24 12 0 6
24 13 6 0
24 14 0 0
24 15 4 0
24 16 0 35
24 17 14 0
24 18 0 29
24 19 9 0
24 20 0 20
24 21 12 0
24 22 0 35
24 23 10 0
24 24 0 7
24 25 2 0
24 26 0 7
24 27 10 0
24 28 0 16
24 29 16 0
25 0 0 17
25 1 18 0
25 2 0 10
25 3 15 0
25 4 0 15
25 5 18 0
25 6 0 3
25 7 7 0
25 8 0 9
25 9 16 0
25 10 0 8
25 11 2 0
25 12 0 6
25 13 4 0
25 14 0 10
25 15 6 0
25 16 0 18
25 17 18 0
25 18 0 34
25 19 7 0
25 20 0 23
25 21 19 0
25 22 0 14
25 23 3 0
25 24 0 4
25 25 16 0
25 26 0 22
25 27 16 0
25 28 0 29
25 29 13 0
26 0 0 32
26 1 10 0
26 2 0 17
26 3 19 0
26 4 0 20
26 5 2 0
26 6 0 21
26 7 19 0
26 8 0 13
26 9 7 0
26 10 0 4
26 11 17 0
26 12 0 6
26 13 5 0
26 14 0 18
26 15 18 0
26 16 0 2
26 17 5 0
26 18 0 8
26 19 7 0
26 20 0 12
26 21 19 0
26 22 0 19
26 23 11 0
26 24 0 3
26 25 0 0
26 26 0 1
26 27 4 0
26 28 0 3
26 29 8 0
27 0 0 30
27 1 3 0
27 2 0 15
27 3 6 0
27 4 0 12
27 5 11 0
27 6 0 1
27 7 14 0
27 8 0 19
27 9 2 0
27 10 0 6
27 11 14 0
27 12 0 30
27 13 13 0
27 14 0 15
27 15 18 0
27 16 0 5
27 17 15 0
27 18 0 8
27 19 18 0
27 20 0 24
27 21 1 0
27 22 0 13
27 23 17 0
27 24 0 10
27 25 9 0
27 26 0 4
27 27 16 0
27 28 0 4
27 29 11 0
28 0 0 28
28 1 11 0
28 2 0 14
28 3 14 0
28 4 0 13
28 5 12 0
28 6 0 34
28 7 13 0
28 8 0 18
28 9 2 0
28 10 0 13
28 11 0 0
28 12 0 34
28 13 11 0
28 14 0 35
28 15 18 0
28 16 0 23
28 17 14 0
28 18 0 27
28 19 2 0
28 20 0 26
28 21 2 0
28 22 0 28
28 23 11 0
28 24 0 13
28 25 17 0
28 26 0 29
28 27 18 0
28 28 0 15
28 29 18 0
29 0 0 35
29 1 3 0
29 2 0 32
29 3 8 0
29 4 0 2
29 5 12 0
29 6 0 23
29 7 16 0
29 8 0 20
29 9 1 0
29 10 0 30
29 11 3 0
29 12 0 33
29 13 11 0
29 14 0 29
29 15 14 0
29 16 0 23
29 17 2 0
29 18 0 15
29 19 12 0
29 20 0 24
29 21 15 0
29 22 0 35
29 23 7 0
29 24 0 12
29 25 18 0
29 26 0 1
29 27 7 0
29 28 0 19
29 29 0 0