0 0 0 7
0 1 0 0
0 2 0 13
0 3 0 0
0 4 0 10
0 5 6 0
0 6 0 4
0 7 7 0
0 8 0 1
0 9 5 0
0 10 0 10
0 11 4 0
0 12 0 4
0 13 1 0
0 14 0 6
0 15 7 0
0 16 0 13
0 17 4 0
0 18 0 9
0 19 3 0
0 20 0 12
0 21 3 0
0 22 0 5
0 23 1 0
0 24 0 13
0 25 1 0
0 26 0 9
0 27 3 0
0 28 0 8
0 29 4 0
0 30 0 8
0 31 1 0
0 32 0 3
0 33 3 0
0 34 0 8
0 35 0 0
0 36 0 1
0 37 6 0
0 38 0 12
0 39 6 0
0 40 0 13
0 41 6 0
0 42 0 13
0 43 7 0
0 44 0 6
0 45 0 0
0 46 0 4
0 47 3 0
0 48 0 0
0 49 7 0
1 0 0 10
1 1 5 0
1 2 0 1
1 3 7 0
1 4 0 6
1 5 6 0
1 6 0 1
1 7 3 0
1 8 0 9
1 9 0 0
1 10 0 5
1 11 7 0
1 12 0 9
1 13 3 0
1 14 0 12
1 15 7 0
1 16 0 1
1 17 4 0
1 18 0 5
1 19 6 0
1 20 0 8
1 21 1 0
1 22 0 9
1 23 0 0
1 24 0 1
1 25 6 0
1 26 0 2
1 27 1 0
1 28 0 2
1 29 3 0
1 30 0 8
1 31 3 0
1 32 0 0
1 33 3 0
1 34 0 2
1 35 3 0
1 36 0 8
1 37 7 0
1 38 0 12
1 39 4 0
1 40 0 7
1 41 1 0
1 42 0 4
1 43 4 0
1 44 0 11
1 45 2 0
1 46 0 5
1 47 2 0
1 48 0 8
1 49 4 0
2 0 0 1
2 1 6 0
2 2 0 8
2 3 0 0
2 4 0 7
2 5 1 0
2 6 0 0
2 7 1 0
2 8 0 9
2 9 1 0
2 10 0 4
2 11 7 0
2 12 0 7
2 13 6 0
2 14 0 9
2 15 6 0
2 16 0 9
2 17 0 0
2 18 0 1
2 19 4 0
2 20 0 7
2 21 6 0
2 22 0 11
2 23 7 0
2 24 0 1
2 25 0 0
2 26 0 8
2 27 4 0
2 28 0 8
2 29 6 0
2 30 0 11
2 31 1 0
2 32 0 0
2 33 7 0
2 34 0 12
2 35 4 0
2 36 0 4
2 37 3 0
2 38 0 10
2 39 1 0
2 40 0 1
2 41 1 0
2 42 0 10
2 43 0 0
2 44 0 7
2 45 2 0
2 46 0 10
2 47 5 0
2 48 0 4
2 49 4 0
3 0 0 7
3 1 6 0
3 2 0 12
3 3 1 0
3 4 0 10
3 5 0 0
3 6 0 8
3 7 5 0
3 8 0 5
3 9 3 0
3 10 0 7
3 11 3 0
3 12 0 10
3 13 1 0
3 14 0 6
3 15 0 0
3 16 0 7
3 17 4 0
3 18 0 8
3 19 6 0
3 20 0 2
3 21 5 0
3 22 0 2
3 23 2 0
3 24 0 12
3 25 5 0
3 26 0 9
3 27 7 0
3 28 0 10
3 29 7 0
3 30 0 3
3 31 1 0
3 32 0 3
3 33 4 0
3 34 0 13
3 35 3 0
3 36 0 2
3 37 6 0
3 38 0 0
3 39 2 0
3 40 0 11
3 41 6 0
3 42 0 9
3 43 7 0
3 44 0 3
3 45 7 0
3 46 0 3
3 47 1 0
3 48 0 1
3 49 0 0
4 0 0 12
4 1 0 0
4 2 0 5
4 3 5 0
4 4 0 13
4 5 3 0
4 6 0 4
4 7 6 0
4 8 0 13
4 9 3 0
4 10 0 1
4 11 7 0
4 12 0 5
4 13 6 0
4 14 0 2
4 15 6 0
4 16 0 1
4 17 6 0
4 18 0 0
4 19 1 0
4 20 0 3
4 21 7 0
4 22 0 10
4 23 5 0
4 24 0 13
4 25 4 0
4 26 0 8
4 27 0 0
4 28 0 12
4 29 2 0
4 30 0 9
4 31 0 0
4 32 0 2
4 33 3 0
4 34 0 3
4 35 1 0
4 36 0 3
4 37 5 0
4 38 0 2
4 39 4 0
4 40 0 7
4 41 0 0
4 42 0 0
4 43 2 0
4 44 0 4
4 45 4 0
4 46 0 10
4 47 5 0
4 48 0 9
4 49 0 0
5 0 0 7
5 1 7 0
5 2 0 0
5 3 4 0
5 4 0 11
5 5 1 0
5 6 0 11
5 7 1 0
5 8 0 6
5 9 6 0
5 10 0 0
5 11 3 0
5 12 0 10
5 13 5 0
5 14 0 0
5 15 6 0
5 16 0 11
5 17 2 0
5 18 0 8
5 19 6 0
5 20 0 3
5 21 5 0
5 22 0 13
5 23 5 0
5 24 0 12
5 25 2 0
5 26 0 4
5 27 1 0
5 28 0 5
5 29 0 0
5 30 0 7
5 31 4 0
5 32 0 7
5 33 2 0
5 34 0 2
5 35 2 0
5 36 0 10
5 37 1 0
5 38 0 1
5 39 6 0
5 40 0 8
5 41 7 0
5 42 0 3
5 43 5 0
5 44 0 6
5 45 6 0
5 46 0 0
5 47 1 0
5 48 0 11
5 49 7 0
6 0 0 11
6 1 0 0
6 2 0 6
6 3 3 0
6 4 0 9
6 5 3 0
6 6 0 11
6 7 6 0
6 8 0 8
6 9 7 0
6 10 0 8
6 11 7 0
6 12 0 1
6 13 7 0
6 14 0 6
6 15 1 0
6 16 0 13
6 17 0 0
6 18 0 5
6 19 5 0
6 20 0 7
6 21 3 0
6 22 0 12
6 23 5 0
6 24 0 1
6 25 7 0
6 26 0 9
6 27 3 0
6 28 0 12
6 29 5 0
6 30 0 7
6 31 0 0
6 32 0 12
6 33 2 0
6 34 0 13
6 35 5 0
6 36 0 7
6 37 0 0
6 38 0 1
6 39 6 0
6 40 0 5
6 41 5 0
6 42 0 10
6 43 2 0
6 44 0 4
6 45 3 0
6 46 0 7
6 47 4 0
6 48 0 1
6 49 6 0
7 0 0 0
7 1 5 0
7 2 0 3
7 3 1 0
7 4 0 2
7 5 0 0
7 6 0 11
7 7 1 0
7 8 0 9
7 9 4 0
7 10 0 6
7 11 1 0
7 12 0 3
7 13 6 0
7 14 0 1
7 15 4 0
7 16 0 12
7 17 4 0
7 18 0 10
7 19 6 0
7 20 0 0
7 21 3 0
7 22 0 5
7 23 4 0
7 24 0 3
7 25 1 0
7 26 0 13
7 27 7 0
7 28 0 9
7 29 4 0
7 30 0 6
7 31 4 0
7 32 0 9
7 33 2 0
7 34 0 5
7 35 7 0
7 36 0 7
7 37 6 0
7 38 0 11
7 39 4 0
7 40 0 5
7 41 2 0
7 42 0 7
7 43 5 0
7 44 0 5
7 45 7 0
7 46 0 7
7 47 7 0
7 48 0 12
7 49 7 0
8 0 0 2
8 1 4 0
8 2 0 7
8 3 3 0
8 4 0 7
8 5 2 0
8 6 0 8
8 7 5 0
8 8 0 6
8 9 3 0
8 10 0 2
8 11 0 0
8 12 0 5
8 13 3 0
8 14 0 4
8 15 2 0
8 16 0 10
8 17 5 0
8 18 0 10
8 19 1 0
8 20 0 6
8 21 7 0
8 22 0 6
8 23 4 0
8 24 0 3
8 25 1 0
8 26 0 7
8 27 5 0
8 28 0 13
8 29 2 0
8 30 0 8
8 31 5 0
8 32 0 10
8 33 2 0
8 34 0 9
8 35 0 0
8 36 0 10
8 37 1 0
8 38 0 1
8 39 5 0
8 40 0 9
8 41 7 0
8 42 0 12
8 43 0 0
8 44 0 1
8 45 2 0
8 46 0 0
8 47 0 0
8 48 0 12
8 49 4 0
9 0 0 9
9 1 0 0
9 2 0 1
9 3 2 0
9 4 0 5
9 5 2 0
9 6 0 13
9 7 5 0
9 8 0 8
9 9 7 0
9 10 0 5
9 11 5 0
9 12 0 0
9 13 1 0
9 14 0 9
9 15 1 0
9 16 0 12
9 17 1 0
9 18 0 12
9 19 0 0
9 20 0 12
9 21 1 0
9 22 0 1
9 23 4 0
9 24 0 8
9 25 4 0
9 26 0 5
9 27 1 0
9 28 0 9
9 29 1 0
9 30 0 9
9 31 2 0
9 32 0 10
9 33 4 0
9 34 0 5
9 35 5 0
9 36 0 10
9 37 4 0
9 38 0 11
9 39 2 0
9 40 0 6
9 41 6 0
9 42 0 9
9 43 0 0
9 44 0 12
9 45 0 0
9 46 0 3
9 47 0 0
9 48 0 5
9 49 7 0
10 0 0 9
10 1 0 0
10 2 0 2
10 3 2 0
10 4 0 13
10 5 1 0
10 6 0 10
10 7 5 0
10 8 0 1
10 9 1 0
10 10 0 6
10 11 6 0
10 12 0 2
10 13 1 0
10 14 0 0
10 15 3 0
10 16 0 1
10 17 0 0
10 18 0 7
10 19 3 0
10 20 0 3
10 21 7 0
10 22 0 9
10 23 0 0
10 24 0 4
10 25 3 0
10 26 0 11
10 27 4 0
10 28 0 4
10 29 7 0
10 30 0 13
10 31 1 0
10 32 0 5
10 33 7 0
10 34 0 8
10 35 7 0
10 36 0 9
10 37 6 0
10 38 0 1
10 39 1 0
10 40 0 5
10 41 0 0
10 42 0 7
10 43 0 0
10 44 0 10
10 45 1 0
10 46 0 2
10 47 7 0
10 48 0 8
10 49 4 0
11 0 0 5
11 1 6 0
11 2 0 5
11 3 4 0
11 4 0 2
11 5 7 0
11 6 0 9
11 7 7 0
11 8 0 12
11 9 4 0
11 10 0 5
11 11 6 0
11 12 0 10
11 13 7 0
11 14 0 9
11 15 7 0
11 16 0 12
11 17 0 0
11 18 0 9
11 19 3 0
11 20 0 0
11 21 2 0
11 22 0 2
11 23 0 0
11 24 0 10
11 25 6 0
11 26 0 11
11 27 0 0
11 28 0 10
11 29 7 0
11 30 0 3
11 31 0 0
11 32 0 10
11 33 5 0
11 34 0 7
11 35 2 0
11 36 0 0
11 37 2 0
11 38 0 8
11 39 3 0
11 40 0 9
11 41 0 0
11 42 0 13
11 43 6 0
11 44 0 2
11 45 1 0
11 46 0 4
11 47 7 0
11 48 0 2
11 49 5 0
12 0 0 12
12 1 1 0
12 2 0 4
12 3 0 0
12 4 0 2
12 5 0 0
12 6 0 4
12 7 1 0
12 8 0 5
12 9 0 0
12 10 0 7
12 11 4 0
12 12 0 12
12 13 4 0
12 14 0 11
12 15 0 0
12 16 0 5
12 17 0 0
12 18 0 13
12 19 2 0
12 20 0 1
12 21 0 0
12 22 0 4
12 23 0 0
12 24 0 8
12 25 6 0
12 26 0 13
12 27 7 0
12 28 0 6
12 29 7 0
12 30 0 9
12 31 6 0
12 32 0 9
12 33 7 0
12 34 0 12
12 35 1 0
12 36 0 4
12 37 1 0
12 38 0 6
12 39 7 0
12 40 0 13
12 41 0 0
12 42 0 7
12 43 4 0
12 44 0 11
12 45 1 0
12 46 0 0
12 47 0 0
12 48 0 4
12 49 6 0
13 0 0 10
13 1 6 0
13 2 0 1
13 3 4 0
13 4 0 0
13 5 5 0
13 6 0 6
13 7 6 0
13 8 0 6
13 9 2 0
13 10 0 0
13 11 0 0
13 12 0 0
13 13 4 0
13 14 0 4
13 15 5 0
13 16 0 13
13 17 7 0
13 18 0 8
13 19 2 0
13 20 0 7
13 21 2 0
13 22 0 10
13 23 0 0
13 24 0 0
13 25 1 0
13 26 0 13
13 27 6 0
13 28 0 8
13 29 4 0
13 30 0 12
13 31 4 0
13 32 0 13
13 33 5 0
13 34 0 13
13 35 1 0
13 36 0 11
13 37 6 0
13 38 0 7
13 39 6 0
13 40 0 4
13 41 1 0
13 42 0 6
13 43 1 0
13 44 0 0
13 45 6 0
13 46 0 3
13 47 3 0
13 48 0 0
13 49 1 0
14 0 0 2
14 1 2 0
14 2 0 1
14 3 1 0
14 4 0 6
14 5 0 0
14 6 0 7
14 7 2 0
14 8 0 1
14 9 2 0
14 10 0 12
14 11 4 0
14 12 0 2
14 13 3 0
14 14 0 6
14 15 2 0
14 16 0 1
14 17 6 0
14 18 0 12
14 19 3 0
14 20 0 6
14 21 7 0
14 22 0 5
14 23 4 0
14 24 0 4
14 25 2 0
14 26 0 8
14 27 4 0
14 28 0 5
14 29 2 0
14 30 0 3
14 31 7 0
14 32 0 8
14 33 4 0
14 34 0 0
14 35 4 0
14 36 0 6
14 37 1 0
14 38 0 13
14 39 7 0
14 40 0 9
14 41 0 0
14 42 0 7
14 43 0 0
14 44 0 8
14 45 1 0
14 46 0 6
14 47 2 0
14 48 0 13
14 49 3 0
15 0 0 10
15 1 5 0
15 2 0 10
15 3 0 0
15 4 0 6
15 5 4 0
15 6 0 13
15 7 3 0
15 8 0 11
15 9 7 0
15 10 0 9
15 11 1 0
15 12 0 8
15 13 2 0
15 14 0 10
15 15 5 0
15 16 0 6
15 17 4 0
15 18 0 8
15 19 2 0
15 20 0 0
15 21 1 0
15 22 0 13
15 23 5 0
15 24 0 8
15 25 1 0
15 26 0 2
15 27 0 0
15 28 0 0
15 29 7 0
15 30 0 7
15 31 1 0
15 32 0 9
15 33 2 0
15 34 0 2
15 35 1 0
15 36 0 10
15 37 7 0
15 38 0 6
15 39 5 0
15 40 0 6
15 41 6 0
15 42 0 11
15 43 0 0
15 44 0 4
15 45 1 0
15 46 0 4
15 47 7 0
15 48 0 4
15 49 0 0
16 0 0 12
16 1 3 0
16 2 0 12
16 3 7 0
16 4 0 6
16 5 3 0
16 6 0 10
16 7 6 0
16 8 0 0
16 9 0 0
16 10 0 7
16 11 0 0
16 12 0 13
16 13 7 0
16 14 0 7
16 15 4 0
16 16 0 12
16 17 2 0
16 18 0 7
16 19 7 0
16 20 0 12
16 21 7 0
16 22 0 13
16 23 1 0
16 24 0 5
16 25 7 0
16 26 0 11
16 27 4 0
16 28 0 3
16 29 1 0
16 30 0 9
16 31 0 0
16 32 0 5
16 33 5 0
16 34 0 10
16 35 1 0
16 36 0 10
16 37 1 0
16 38 0 3
16 39 7 0
16 40 0 6
16 41 7 0
16 42 0 7
16 43 5 0
16 44 0 7
16 45 5 0
16 46 0 3
16 47 2 0
16 48 0 12
16 49 4 0
17 0 0 9
17 1 4 0
17 2 0 13
17 3 1 0
17 4 0 5
17 5 0 0
17 6 0 2
17 7 7 0
17 8 0 6
17 9 3 0
17 10 0 1
17 11 3 0
17 12 0 11
17 13 4 0
17 14 0 12
17 15 6 0
17 16 0 1
17 17 7 0
17 18 0 6
17 19 7 0
17 20 0 0
17 21 4 0
17 22 0 2
17 23 7 0
17 24 0 12
17 25 6 0
17 26 0 3
17 27 3 0
17 28 0 10
17 29 5 0
17 30 0 13
17 31 5 0
17 32 0 4
17 33 4 0
17 34 0 11
17 35 3 0
17 36 0 6
17 37 3 0
17 38 0 7
17 39 7 0
17 40 0 0
17 41 6 0
17 42 0 13
17 43 5 0
17 44 0 7
17 45 5 0
17 46 0 12
17 47 0 0
17 48 0 3
17 49 2 0
18 0 0 3
18 1 6 0
18 2 0 4
18 3 6 0
18 4 0 7
18 5 7 0
18 6 0 2
18 7 4 0
18 8 0 6
18 9 2 0
18 10 0 2
18 11 4 0
18 12 0 11
18 13 7 0
18 14 0 5
18 15 1 0
18 16 0 4
18 17 6 0
18 18 0 4
18 19 3 0
18 20 0 12
18 21 7 0
18 22 0 3
18 23 6 0
18 24 0 6
18 25 0 0
18 26 0 13
18 27 2 0
18 28 0 10
18 29 3 0
18 30 0 10
18 31 1 0
18 32 0 1
18 33 4 0
18 34 0 5
18 35 4 0
18 36 0 1
18 37 7 0
18 38 0 4
18 39 6 0
18 40 0 3
18 41 0 0
18 42 0 1
18 43 7 0
18 44 0 7
18 45 2 0
18 46 0 13
18 47 2 0
18 48 0 9
18 49 1 0
19 0 0 4
19 1 7 0
19 2 0 1
19 3 7 0
19 4 0 9
19 5 2 0
19 6 0 4
19 7 3 0
19 8 0 13
19 9 3 0
19 10 0 1
19 11 5 0
19 12 0 11
19 13 4 0
19 14 0 10
19 15 3 0
19 16 0 1
19 17 6 0
19 18 0 13
19 19 0 0
19 20 0 3
19 21 4 0
19 22 0 10
19 23 7 0
19 24 0 12
19 25 6 0
19 26 0 2
19 27 4 0
19 28 0 1
19 29 7 0
19 30 0 9
19 31 4 0
19 32 0 5
19 33 7 0
19 34 0 9
19 35 0 0
19 36 0 13
19 37 3 0
19 38 0 5
19 39 6 0
19 40 0 11
19 41 0 0
19 42 0 10
19 43 0 0
19 44 0 7
19 45 3 0
19 46 0 3
19 47 3 0
19 48 0 3
19 49 4 0
20 0 0 7
20 1 0 0
20 2 0 5
20 3 6 0
20 4 0 2
20 5 7 0
20 6 0 4
20 7 1 0
20 8 0 2
20 9 7 0
20 10 0 3
20 11 1 0
20 12 0 12
20 13 7 0
20 14 0 5
20 15 4 0
20 16 0 11
20 17 1 0
20 18 0 2
20 19 7 0
20 20 0 7
20 21 1 0
20 22 0 7
20 23 2 0
20 24 0 9
20 25 3 0
20 26 0 2
20 27 7 0
20 28 0 9
20 29 2 0
20 30 0 1
20 31 7 0
20 32 0 11
20 33 1 0
20 34 0 10
20 35 5 0
20 36 0 1
20 37 6 0
20 38 0 3
20 39 1 0
20 40 0 3
20 41 2 0
20 42 0 13
20 43 6 0
20 44 0 9
20 45 3 0
20 46 0 12
20 47 5 0
20 48 0 7
20 49 2 0
21 0 0 4
21 1 0 0
21 2 0 13
21 3 5 0
21 4 0 9
21 5 7 0
21 6 0 11
21 7 6 0
21 8 0 2
21 9 7 0
21 10 0 8
21 11 2 0
21 12 0 0
21 13 6 0
21 14 0 13
21 15 3 0
21 16 0 11
21 17 0 0
21 18 0 3
21 19 6 0
21 20 0 1
21 21 5 0
21 22 0 6
21 23 6 0
21 24 0 10
21 25 0 0
21 26 0 8
21 27 7 0
21 28 0 9
21 29 2 0
21 30 0 1
21 31 3 0
21 32 0 13
21 33 5 0
21 34 0 0
21 35 1 0
21 36 0 2
21 37 1 0
21 38 0 2
21 39 1 0
21 40 0 12
21 41 3 0
21 42 0 2
21 43 2 0
21 44 0 11
21 45 1 0
21 46 0 3
21 47 4 0
21 48 0 1
21 49 7 0
22 0 0 5
22 1 6 0
22 2 0 3
22 3 5 0
22 4 0 3
22 5 1 0
22 6 0 8
22 7 6 0
22 8 0 9
22 9 3 0
22 10 0 11
22 11 3 0
22 12 0 0
22 13 5 0
22 14 0 6
22 15 6 0
22 16 0 13
22 17 5 0
22 18 0 6
22 19 0 0
22 20 0 8
22 21 5 0
22 22 0 5
22 23 3 0
22 24 0 0
22 25 2 0
22 26 0 9
22 27 0 0
22 28 0 5
22 29 6 0
22 30 0 12
22 31 2 0
22 32 0 8
22 33 6 0
22 34 0 0
22 35 1 0
22 36 0 13
22 37 5 0
22 38 0 10
22 39 1 0
22 40 0 11
22 41 7 0
22 42 0 8
22 43 0 0
22 44 0 1
22 45 7 0
22 46 0 13
22 47 4 0
22 48 0 0
22 49 2 0
23 0 0 10
23 1 2 0
23 2 0 2
23 3 1 0
23 4 0 11
23 5 0 0
23 6 0 11
23 7 3 0
23 8 0 9
23 9 4 0
23 10 0 10
23 11 0 0
23 12 0 5
23 13 2 0
23 14 0 12
23 15 7 0
23 16 0 4
23 17 2 0
23 18 0 5
23 19 1 0
23 20 0 12
23 21 0 0
23 22 0 7
23 23 4 0
23 24 0 1
23 25 2 0
23 26 0 10
23 27 1 0
23 28 0 6
23 29 6 0
23 30 0 1
23 31 6 0
23 32 0 10
23 33 1 0
23 34 0 9
23 35 5 0
23 36 0 10
23 37 1 0
23 38 0 5
23 39 3 0
23 40 0 10
23 41 4 0
23 42 0 12
23 43 2 0
23 44 0 10
23 45 6 0
23 46 0 9
23 47 0 0
23 48 0 7
23 49 7 0
24 0 0 2
24 1 5 0
24 2 0 4
24 3 3 0
24 4 0 4
24 5 1 0
24 6 0 0
24 7 0 0
24 8 0 11
24 9 4 0
24 10 0 5
24 11 4 0
24 12 0 13
24 13 3 0
24 14 0 10
24 15 4 0
24 16 0 9
24 17 2 0
24 18 0 7
24 19 6 0
24 20 0 8
24 21 4 0
24 22 0 0
24 23 0 0
24 24 0 11
24 25 5 0
24 26 0 3
24 27 6 0
24 28 0 0
24 29 1 0
24 30 0 6
24 31 0 0
24 32 0 13
24 33 2 0
24 34 0 6
24 35 2 0
24 36 0 0
24 37 6 0
24 38 0 9
24 39 3 0
24 40 0 11
24 41 6 0
24 42 0 10
24 43 6 0
24 44 0 10
24 45 0 0
24 46 0 0
24 47 3 0
24 48 0 1
24 49 6 0
25 0 0 1
25 1 7 0
25 2 0 13
25 3 6 0
25 4 0 8
25 5 0 0
25 6 0 8
25 7 0 0
25 8 0 2
25 9 3 0
25 10 0 2
25 11 2 0
25 12 0 0
25 13 6 0
25 14 0 3
25 15 7 0
25 16 0 4
25 17 5 0
25 18 0 3
25 19 3 0
25 20 0 1
25 21 1 0
25 22 0 13
25 23 1 0
25 24 0 3
25 25 4 0
25 26 0 7
25 27 6 0
25 28 0 8
25 29 7 0
25 30 0 11
25 31 3 0
25 32 0 10
25 33 5 0
25 34 0 8
25 35 7 0
25 36 0 13
25 37 5 0
25 38 0 2
25 39 3 0
25 40 0 13
25 41 3 0
25 42 0 7
25 43 4 0
25 44 0 7
25 45 7 0
25 46 0 11
25 47 4 0
25 48 0 12
25 49 5 0
26 0 0 5
26 1 1 0
26 2 0 7
26 3 4 0
26 4 0 9
26 5 4 0
26 6 0 13
26 7 7 0
26 8 0 4
26 9 4 0
26 10 0 0
26 11 7 0
26 12 0 11
26 13 1 0
26 14 0 0
26 15 7 0
26 16 0 7
26 17 1 0
26 18 0 3
26 19 6 0
26 20 0 1
26 21 6 0
26 22 0 2
26 23 0 0
26 24 0 1
26 25 6 0
26 26 0 13
26 27 5 0
26 28 0 11
26 29 1 0
26 30 0 11
26 31 1 0
26 32 0 1
26 33 7 0
26 34 0 1
26 35 3 0
26 36 0 5
26 37 0 0
26 38 0 5
26 39 6 0
26 40 0 1
26 41 2 0
26 42 0 3
26 43 3 0
26 44 0 8
26 45 6 0
26 46 0 10
26 47 5 0
26 48 0 8
26 49 3 0
27 0 0 4
27 1 3 0
27 2 0 12
27 3 1 0
27 4 0 10
27 5 1 0
27 6 0 11
27 7 0 0
27 8 0 1
27 9 0 0
27 10 0 3
27 11 7 0
27 12 0 7
27 13 1 0
27 14 0 2
27 15 5 0
27 16 0 13
27 17 6 0
27 18 0 0
27 19 3 0
27 20 0 9
27 21 1 0
27 22 0 8
27 23 0 0
27 24 0 11
27 25 3 0
27 26 0 1
27 27 4 0
27 28 0 11
27 29 7 0
27 30 0 7
27 31 5 0
27 32 0 7
27 33 4 0
27 34 0 0
27 35 5 0
27 36 0 7
27 37 7 0
27 38 0 6
27 39 2 0
27 40 0 3
27 41 6 0
27 42 0 12
27 43 5 0
27 44 0 1
27 45 6 0
27 46 0 2
27 47 3 0
27 48 0 6
27 49 6 0
28 0 0 5
28 1 7 0
28 2 0 5
28 3 1 0
28 4 0 7
28 5 6 0
28 6 0 2
28 7 0 0
28 8 0 10
28 9 2 0
28 10 0 1
28 11 6 0
28 12 0 10
28 13 0 0
28 14 0 8
28 15 2 0
28 16 0 5
28 17 1 0
28 18 0 9
28 19 0 0
28 20 0 0
28 21 4 0
28 22 0 6
28 23 1 0
28 24 0 6
28 25 3 0
28 26 0 13
28 27 6 0
28 28 0 0
28 29 2 0
28 30 0 9
28 31 1 0
28 32 0 12
28 33 3 0
28 34 0 2
28 35 5 0
28 36 0 10
28 37 5 0
28 38 0 11
28 39 1 0
28 40 0 5
28 41 0 0
28 42 0 8
28 43 0 0
28 44 0 10
28 45 2 0
28 46 0 11
28 47 4 0
28 48 0 3
28 49 5 0
29 0 0 7
29 1 6 0
29 2 0 13
29 3 7 0
29 4 0 13
29 5 0 0
29 6 0 0
29 7 1 0
29 8 0 3
29 9 3 0
29 10 0 2
29 11 1 0
29 12 0 10
29 13 1 0
29 14 0 5
29 15 0 0
29 16 0 0
29 17 5 0
29 18 0 8
29 19 4 0
29 20 0 11
29 21 6 0
29 22 0 10
29 23 6 0
29 24 0 1
29 25 0 0
29 26 0 2
29 27 5 0
29 28 0 10
29 29 2 0
29 30 0 4
29 31 2 0
29 32 0 8
29 33 0 0
29 34 0 2
29 35 2 0
29 36 0 2
29 37 3 0
29 38 0 9
29 39 0 0
29 40 0 7
29 41 5 0
29 42 0 10
29 43 0 0
29 44 0 5
29 45 6 0
29 46 0 11
29 47 4 0
29 48 0 2
29 49 1 0
30 0 0 3
30 1 3 0
30 2 0 0
30 3 7 0
30 4 0 5
30 5 5 0
30 6 0 9
30 7 3 0
30 8 0 12
30 9 0 0
30 10 0 11
30 11 4 0
30 12 0 5
30 13 7 0
30 14 0 10
30 15 7 0
30 16 0 0
30 17 6 0
30 18 0 5
30 19 2 0
30 20 0 11
30 21 7 0
30 22 0 1
30 23 2 0
30 24 0 1
30 25 7 0
30 26 0 12
30 27 6 0
30 28 0 7
30 29 1 0
30 30 0 7
30 31 2 0
30 32 0 2
30 33 2 0
30 34 0 1
30 35 5 0
30 36 0 8
30 37 4 0
30 38 0 6
30 39 2 0
30 40 0 12
30 41 4 0
30 42 0 2
30 43 3 0
30 44 0 11
30 45 4 0
30 46 0 8
30 47 2 0
30 48 0 13
30 49 1 0
31 0 0 1
31 1 6 0
31 2 0 2
31 3 6 0
31 4 0 9
31 5 4 0
31 6 0 10
31 7 7 0
31 8 0 9
31 9 3 0
31 10 0 5
31 11 6 0
31 12 0 11
31 13 6 0
31 14 0 6
31 15 2 0
31 16 0 5
31 17 6 0
31 18 0 0
31 19 3 0
31 20 0 0
31 21 6 0
31 22 0 5
31 23 0 0
31 24 0 4
31 25 6 0
31 26 0 2
31 27 1 0
31 28 0 6
31 29 0 0
31 30 0 5
31 31 5 0
31 32 0 1
31 33 6 0
31 34 0 3
31 35 5 0
31 36 0 4
31 37 2 0
31 38 0 2
31 39 7 0
31 40 0 10
31 41 4 0
31 42 0 11
31 43 4 0
31 44 0 0
31 45 7 0
31 46 0 7
31 47 2 0
31 48 0 6
31 49 4 0
32 0 0 5
32 1 3 0
32 2 0 10
32 3 6 0
32 4 0 11
32 5 4 0
32 6 0 11
32 7 5 0
32 8 0 5
32 9 7 0
32 10 0 12
32 11 4 0
32 12 0 3
32 13 1 0
32 14 0 2
32 15 2 0
32 16 0 2
32 17 5 0
32 18 0 4
32 19 4 0
32 20 0 11
32 21 7 0
32 22 0 0
32 23 1 0
32 24 0 2
32 25 1 0
32 26 0 11
32 27 5 0
32 28 0 7
32 29 2 0
32 30 0 10
32 31 7 0
32 32 0 5
32 33 2 0
32 34 0 7
32 35 3 0
32 36 0 1
32 37 0 0
32 38 0 4
32 39 0 0
32 40 0 7
32 41 4 0
32 42 0 3
32 43 3 0
32 44 0 6
32 45 5 0
32 46 0 13
32 47 3 0
32 48 0 13
32 49 4 0
33 0 0 0
33 1 3 0
33 2 0 3
33 3 7 0
33 4 0 3
33 5 3 0
33 6 0 4
33 7 7 0
33 8 0 3
33 9 6 0
33 10 0 12
33 11 3 0
33 12 0 11
33 13 5 0
33 14 0 3
33 15 2 0
33 16 0 3
33 17 3 0
33 18 0 12
33 19 4 0
33 20 0 2
33 21 0 0
33 22 0 8
33 23 2 0
33 24 0 10
33 25 7 0
33 26 0 12
33 27 2 0
33 28 0 7
33 29 7 0
33 30 0 4
33 31 4 0
33 32 0 8
33 33 5 0
33 34 0 10
33 35 0 0
33 36 0 9
33 37 0 0
33 38 0 10
33 39 5 0
33 40 0 12
33 41 4 0
33 42 0 11
33 43 3 0
33 44 0 8
33 45 0 0
33 46 0 2
33 47 3 0
33 48 0 4
33 49 0 0
34 0 0 2
34 1 1 0
34 2 0 9
34 3 4 0
34 4 0 8
34 5 1 0
34 6 0 0
34 7 7 0
34 8 0 6
34 9 7 0
34 10 0 13
34 11 0 0
34 12 0 7
34 13 5 0
34 14 0 12
34 15 4 0
34 16 0 7
34 17 1 0
34 18 0 13
34 19 2 0
34 20 0 3
34 21 4 0
34 22 0 4
34 23 6 0
34 24 0 3
34 25 4 0
34 26 0 10
34 27 7 0
34 28 0 2
34 29 3 0
34 30 0 1
34 31 1 0
34 32 0 3
34 33 6 0
34 34 0 9
34 35 4 0
34 36 0 13
34 37 7 0
34 38 0 3
34 39 3 0
34 40 0 8
34 41 4 0
34 42 0 5
34 43 5 0
34 44 0 6
34 45 5 0
34 46 0 10
34 47 7 0
34 48 0 13
34 49 2 0
35 0 0 10
35 1 1 0
35 2 0 9
35 3 3 0
35 4 0 1
35 5 4 0
35 6 0 5
35 7 5 0
35 8 0 13
35 9 3 0
35 10 0 3
35 11 4 0
35 12 0 9
35 13 7 0
35 14 0 8
35 15 3 0
35 16 0 5
35 17 0 0
35 18 0 12
35 19 6 0
35 20 0 3
35 21 3 0
35 22 0 10
35 23 1 0
35 24 0 13
35 25 7 0
35 26 0 0
35 27 6 0
35 28 0 2
35 29 7 0
35 30 0 6
35 31 3 0
35 32 0 10
35 33 3 0
35 34 0 6
35 35 1 0
35 36 0 6
35 37 7 0
35 38 0 5
35 39 7 0
35 40 0 0
35 41 2 0
35 42 0 12
35 43 5 0
35 44 0 8
35 45 0 0
35 46 0 12
35 47 1 0
35 48 0 9
35 49 1 0
36 0 0 2
36 1 5 0
36 2 0 8
36 3 0 0
36 4 0 11
36 5 7 0
36 6 0 12
36 7 5 0
36 8 0 5
36 9 7 0
36 10 0 4
36 11 3 0
36 12 0 9
36 13 5 0
36 14 0 7
36 15 2 0
36 16 0 1
36 17 1 0
36 18 0 12
36 19 6 0
36 20 0 9
36 21 0 0
36 22 0 3
36 23 6 0
36 24 0 12
36 25 6 0
36 26 0 8
36 27 6 0
36 28 0 1
36 29 7 0
36 30 0 11
36 31 6 0
36 32 0 13
36 33 4 0
36 34 0 3
36 35 1 0
36 36 0 2
36 37 4 0
36 38 0 1
36 39 6 0
36 40 0 0
36 41 1 0
36 42 0 9
36 43 3 0
36 44 0 12
36 45 7 0
36 46 0 0
36 47 5 0
36 48 0 3
36 49 0 0
37 0 0 6
37 1 1 0
37 2 0 8
37 3 2 0
37 4 0 2
37 5 6 0
37 6 0 3
37 7 7 0
37 8 0 12
37 9 0 0
37 10 0 7
37 11 5 0
37 12 0 11
37 13 7 0
37 14 0 10
37 15 4 0
37 16 0 9
37 17 6 0
37 18 0 11
37 19 2 0
37 20 0 4
37 21 5 0
37 22 0 8
37 23 2 0
37 24 0 1
37 25 7 0
37 26 0 9
37 27 1 0
37 28 0 2
37 29 4 0
37 30 0 6
37 31 0 0
37 32 0 10
37 33 0 0
37 34 0 4
37 35 5 0
37 36 0 5
37 37 2 0
37 38 0 0
37 39 1 0
37 40 0 13
37 41 7 0
37 42 0 1
37 43 3 0
37 44 0 1
37 45 4 0
37 46 0 0
37 47 4 0
37 48 0 2
37 49 7 0
38 0 0 0
38 1 1 0
38 2 0 1
38 3 7 0
38 4 0 1
38 5 4 0
38 6 0 5
38 7 7 0
38 8 0 8
38 9 3 0
38 10 0 11
38 11 0 0
38 12 0 6
38 13 0 0
38 14 0 12
38 15 4 0
38 16 0 10
38 17 7 0
38 18 0 10
38 19 3 0
38 20 0 7
38 21 3 0
38 22 0 1
38 23 1 0
38 24 0 0
38 25 1 0
38 26 0 11
38 27 6 0
38 28 0 3
38 29 4 0
38 30 0 12
38 31 5 0
38 32 0 12
38 33 7 0
38 34 0 9
38 35 6 0
38 36 0 1
38 37 6 0
38 38 0 12
38 39 4 0
38 40 0 5
38 41 6 0
38 42 0 13
38 43 7 0
38 44 0 12
38 45 0 0
38 46 0 13
38 47 3 0
38 48 0 12
38 49 2 0
39 0 0 3
39 1 0 0
39 2 0 10
39 3 5 0
39 4 0 12
39 5 0 0
39 6 0 4
39 7 0 0
39 8 0 8
39 9 4 0
39 10 0 7
39 11 4 0
39 12 0 2
39 13 7 0
39 14 0 2
39 15 6 0
39 16 0 7
39 17 1 0
39 18 0 3
39 19 0 0
39 20 0 2
39 21 5 0
39 22 0 4
39 23 1 0
39 24 0 7
39 25 3 0
39 26 0 5
39 27 0 0
39 28 0 13
39 29 7 0
39 30 0 6
39 31 5 0
39 32 0 7
39 33 1 0
39 34 0 2
39 35 0 0
39 36 0 7
39 37 3 0
39 38 0 1
39 39 7 0
39 40 0 10
39 41 6 0
39 42 0 2
39 43 4 0
39 44 0 9
39 45 5 0
39 46 0 12
39 47 5 0
39 48 0 5
39 49 0 0
40 0 0 8
40 1 3 0
40 2 0 9
40 3 2 0
40 4 0 8
40 5 4 0
40 6 0 0
40 7 4 0
40 8 0 7
40 9 1 0
40 10 0 3
40 11 0 0
40 12 0 6
40 13 0 0
40 14 0 4
40 15 6 0
40 16 0 2
40 17 2 0
40 18 0 1
40 19 2 0
40 20 0 0
40 21 6 0
40 22 0 2
40 23 4 0
40 24 0 7
40 25 5 0
40 26 0 1
40 27 7 0
40 28 0 4
40 29 4 0
40 30 0 3
40 31 3 0
40 32 0 2
40 33 6 0
40 34 0 7
40 35 4 0
40 36 0 5
40 37 7 0
40 38 0 8
40 39 0 0
40 40 0 6
40 41 2 0
40 42 0 0
40 43 4 0
40 44 0 4
40 45 3 0
40 46 0 12
40 47 0 0
40 48 0 11
40 49 5 0
41 0 0 4
41 1 6 0
41 2 0 9
41 3 6 0
41 4 0 1
41 5 7 0
41 6 0 3
41 7 6 0
41 8 0 1
41 9 6 0
41 10 0 1
41 11 4 0
41 12 0 6
41 13 3 0
41 14 0 7
41 15 1 0
41 16 0 3
41 17 1 0
41 18 0 7
41 19 3 0
41 20 0 8
41 21 1 0
41 22 0 11
41 23 3 0
41 24 0 2
41 25 5 0
41 26 0 2
41 27 7 0
41 28 0 2
41 29 5 0
41 30 0 5
41 31 1 0
41 32 0 10
41 33 6 0
41 34 0 9
41 35 6 0
41 36 0 11
41 37 6 0
41 38 0 8
41 39 7 0
41 40 0 13
41 41 1 0
41 42 0 6
41 43 4 0
41 44 0 5
41 45 7 0
41 46 0 3
41 47 4 0
41 48 0 12
41 49 3 0
42 0 0 3
42 1 7 0
42 2 0 0
42 3 6 0
42 4 0 11
42 5 4 0
42 6 0 1
42 7 2 0
42 8 0 7
42 9 3 0
42 10 0 7
42 11 0 0
42 12 0 6
42 13 4 0
42 14 0 2
42 15 2 0
42 16 0 1
42 17 6 0
42 18 0 10
42 19 1 0
42 20 0 13
42 21 1 0
42 22 0 5
42 23 0 0
42 24 0 6
42 25 4 0
42 26 0 10
42 27 7 0
42 28 0 7
42 29 0 0
42 30 0 4
42 31 2 0
42 32 0 10
42 33 3 0
42 34 0 2
42 35 7 0
42 36 0 12
42 37 6 0
42 38 0 8
42 39 3 0
42 40 0 5
42 41 7 0
42 42 0 7
42 43 6 0
42 44 0 4
42 45 0 0
42 46 0 1
42 47 2 0
42 48 0 0
42 49 6 0
43 0 0 7
43 1 0 0
43 2 0 13
43 3 3 0
43 4 0 9
43 5 4 0
43 6 0 10
43 7 4 0
43 8 0 9
43 9 4 0
43 10 0 10
43 11 4 0
43 12 0 4
43 13 4 0
43 14 0 8
43 15 7 0
43 16 0 3
43 17 5 0
43 18 0 12
43 19 0 0
43 20 0 6
43 21 1 0
43 22 0 5
43 23 3 0
43 24 0 11
43 25 0 0
43 26 0 2
43 27 4 0
43 28 0 11
43 29 7 0
43 30 0 1
43 31 6 0
43 32 0 8
43 33 4 0
43 34 0 12
43 35 5 0
43 36 0 3
43 37 3 0
43 38 0 1
43 39 5 0
43 40 0 3
43 41 4 0
43 42 0 9
43 43 0 0
43 44 0 1
43 45 3 0
43 46 0 4
43 47 4 0
43 48 0 4
43 49 6 0
44 0 0 4
44 1 2 0
44 2 0 1
44 3 3 0
44 4 0 0
44 5 0 0
44 6 0 8
44 7 7 0
44 8 0 3
44 9 0 0
44 10 0 4
44 11 0 0
44 12 0 5
44 13 7 0
44 14 0 9
44 15 4 0
44 16 0 6
44 17 7 0
44 18 0 9
44 19 7 0
44 20 0 8
44 21 5 0
44 22 0 8
44 23 1 0
44 24 0 2
44 25 4 0
44 26 0 7
44 27 6 0
44 28 0 4
44 29 0 0
44 30 0 1
44 31 4 0
44 32 0 13
44 33 4 0
44 34 0 3
44 35 1 0
44 36 0 10
44 37 5 0
44 38 0 8
44 39 2 0
44 40 0 1
44 41 4 0
44 42 0 5
44 43 5 0
44 44 0 1
44 45 0 0
44 46 0 2
44 47 0 0
44 48 0 7
44 49 1 0
45 0 0 6
45 1 7 0
45 2 0 13
45 3 7 0
45 4 0 13
45 5 2 0
45 6 0 13
45 7 1 0
45 8 0 10
45 9 5 0
45 10 0 8
45 11 6 0
45 12 0 10
45 13 7 0
45 14 0 9
45 15 7 0
45 16 0 5
45 17 3 0
45 18 0 9
45 19 2 0
45 20 0 1
45 21 2 0
45 22 0 8
45 23 1 0
45 24 0 1
45 25 6 0
45 26 0 9
45 27 1 0
45 28 0 3
45 29 0 0
45 30 0 4
45 31 4 0
45 32 0 4
45 33 4 0
45 34 0 5
45 35 0 0
45 36 0 3
45 37 0 0
45 38 0 7
45 39 6 0
45 40 0 8
45 41 0 0
45 42 0 4
45 43 3 0
45 44 0 9
45 45 5 0
45 46 0 12
45 47 2 0
45 48 0 3
45 49 2 0
46 0 0 11
46 1 0 0
46 2 0 11
46 3 5 0
46 4 0 11
46 5 6 0
46 6 0 8
46 7 4 0
46 8 0 11
46 9 3 0
46 10 0 12
46 11 5 0
46 12 0 8
46 13 7 0
46 14 0 13
46 15 4 0
46 16 0 12
46 17 1 0
46 18 0 10
46 19 2 0
46 20 0 0
46 21 3 0
46 22 0 6
46 23 0 0
46 24 0 8
46 25 1 0
46 26 0 10
46 27 0 0
46 28 0 7
46 29 5 0
46 30 0 2
46 31 4 0
46 32 0 5
46 33 5 0
46 34 0 1
46 35 5 0
46 36 0 7
46 37 3 0
46 38 0 0
46 39 6 0
46 40 0 0
46 41 4 0
46 42 0 2
46 43 6 0
46 44 0 7
46 45 3 0
46 46 0 10
46 47 1 0
46 48 0 10
46 49 3 0
47 0 0 12
47 1 0 0
47 2 0 13
47 3 0 0
47 4 0 13
47 5 4 0
47 6 0 10
47 7 6 0
47 8 0 11
47 9 7 0
47 10 0 5
47 11 0 0
47 12 0 1
47 13 3 0
47 14 0 2
47 15 3 0
47 16 0 0
47 17 1 0
47 18 0 4
47 19 1 0
47 20 0 2
47 21 4 0
47 22 0 9
47 23 6 0
47 24 0 9
47 25 3 0
47 26 0 0
47 27 6 0
47 28 0 10
47 29 2 0
47 30 0 8
47 31 5 0
47 32 0 0
47 33 2 0
47 34 0 13
47 35 6 0
47 36 0 13
47 37 4 0
47 38 0 13
47 39 5 0
47 40 0 13
47 41 2 0
47 42 0 6
47 43 4 0
47 44 0 9
47 45 7 0
47 46 0 5
47 47 1 0
47 48 0 6
47 49 1 0
48 0 0 7
48 1 6 0
48 2 0 7
48 3 6 0
48 4 0 6
48 5 1 0
48 6 0 6
48 7 4 0
48 8 0 9
48 9 2 0
48 10 0 9
48 11 0 0
48 12 0 9
48 13 0 0
48 14 0 9
48 15 0 0
48 16 0 0
48 17 3 0
48 18 0 9
48 19 1 0
48 20 0 13
48 21 3 0
48 22 0 6
48 23 2 0
48 24 0 6
48 25 0 0
48 26 0 13
48 27 6 0
48 28 0 12
48 29 0 0
48 30 0 8
48 31 6 0
48 32 0 2
48 33 4 0
48 34 0 11
48 35 5 0
48 36 0 11
48 37 3 0
48 38 0 0
48 39 2 0
48 40 0 6
48 41 6 0
48 42 0 4
48 43 2 0
48 44 0 13
48 45 2 0
48 46 0 5
48 47 3 0
48 48 0 4
48 49 1 0
49 0 0 6
49 1 2 0
49 2 0 0
49 3 2 0
49 4 0 12
49 5 5 0
49 6 0 0
49 7 4 0
49 8 0 0
49 9 2 0
49 10 0 13
49 11 6 0
49 12 0 2
49 13 7 0
49 14 0 9
49 15 3 0
49 16 0 1
49 17 0 0
49 18 0 9
49 19 6 0
49 20 0 13
49 21 4 0
49 22 0 13
49 23 2 0
49 24 0 11
49 25 7 0
49 26 0 4
49 27 5 0
49 28 0 10
49 29 2 0
49 30 0 10
49 31 0 0
49 32 0 6
49 33 7 0
49 34 0 11
49 35 0 0
49 36 0 2
49 37 5 0
49 38 0 3
49 39 0 0
49 40 0 1
49 41 2 0
49 42 0 13
49 43 5 0
49 44 0 6
49 45 4 0
49 46 0 7
49 47 1 0
49 48 0 1
49 49 7 0