7 5 0 137
3 9 0 123
7 6 0 27
7 7 0 787
7 8 0 180
7 9 0 128
10 10 12 0
10 11 0 81
10 12 0 32
8 10 16 0
8 13 10 0
8 11 0 41
8 12 0 84
3 11 61 0
3 10 61 0
13 1 28 0
13 0 0 41
2 0 0 140
2 1 0 50
2 2 45 0
13 8 46 0
2 3 0 13
13 7 72 0
2 4 71 0
2 5 0 19
6 2 0 6
13 5 52 0
2 6 0 119
2 7 0 63
6 3 0 1
13 4 25 0
6 4 0 19
2 8 0 6
13 3 0 64
6 5 0 205
2 9 64 0
13 2 15 0
6 6 0 118
6 13 27 0
6 7 0 197
6 8 0 342
6 9 0 442
6 10 9 0
6 12 0 177
6 11 0 46
9 10 0 37
9 11 0 67
9 12 49 0
12 2 43 0
12 1 43 0
12 0 9 0
12 9 31 0
1 4 5 0
12 8 0 13
1 5 0 16
5 2 22 0
12 7 26 0
1 6 0 43
5 3 0 9
12 6 72 0
1 8 62 0
12 5 55 0
5 4 33 0
5 5 0 131
9 1 31 0
12 4 11 0
5 6 0 236
12 3 72 0
5 7 0 170
9 3 0 45
5 8 0 200
9 4 0 182
5 9 0 20
9 5 0 9
9 6 0 63
9 7 0 144
9 8 0 237
9 9 0 122
4 10 0 2
7 14 46 0
7 11 0 66
7 10 19 0
7 13 10 0
7 12 0 12
11 3 47 0
11 2 58 0
11 1 69 0
11 0 40 0
4 0 48 0
0 4 66 0
4 1 0 89
0 5 62 0
11 9 70 0
0 6 0 34
4 2 9 0
11 8 0 39
4 3 0 83
11 7 0 55
4 4 0 75
11 6 10 0
4 5 0 186
4 6 0 131
11 5 49 0
8 3 0 11
11 4 50 0
4 7 0 22
4 8 0 145
8 4 0 35
4 9 0 160
8 5 0 190
8 6 0 47
8 7 0 56
8 8 0 425
8 9 0 92
2 10 3 0
5 12 42 0
5 13 67 0
11 11 31 0
5 10 0 238
5 11 0 40
10 3 37 0
10 4 0 24
10 1 41 0
10 2 36 0
3 0 18 0
3 1 0 2
3 2 33 0
10 9 0 67
3 3 47 0
3 4 0 212
14 5 66 0
10 7 0 194
3 5 0 159
10 8 0 237
7 2 18 0
14 3 29 0
3 6 28 0
10 5 0 17
3 7 0 78
7 4 0 43
3 8 0 71
10 6 33 0
0 0 0 0
0 1 0 0
0 2 0 0
0 3 0 0
0 7 0 0
0 8 0 0
0 9 0 0
0 10 0 0
0 11 0 0
0 12 0 0
0 13 0 0
0 14 0 0
1 0 0 0
1 1 0 0
1 2 0 0
1 3 0 0
1 7 0 0
1 9 0 0
1 10 0 0
1 11 0 0
1 12 0 0
1 13 0 0
1 14 0 0
2 11 0 0
2 12 0 0
2 13 0 0
2 14 0 0
3 12 0 0
3 13 0 0
3 14 0 0
4 11 0 0
4 12 0 0
4 13 0 0
4 14 0 0
5 0 0 0
5 1 0 0
5 14 0 0
6 0 0 0
6 1 0 0
6 14 0 0
7 0 0 0
7 1 0 0
7 3 0 0
8 0 0 0
8 1 0 0
8 2 0 0
8 14 0 0
9 0 0 0
9 2 0 0
9 13 0 0
9 14 0 0
10 0 0 0
10 13 0 0
10 14 0 0
11 10 0 0
11 12 0 0
11 13 0 0
11 14 0 0
12 10 0 0
12 11 0 0
12 12 0 0
12 13 0 0
12 14 0 0
13 6 0 0
13 9 0 0
13 10 0 0
13 11 0 0
13 12 0 0
13 13 0 0
13 14 0 0
14 0 0 0
14 1 0 0
14 2 0 0
14 4 0 0
14 6 0 0
14 7 0 0
14 8 0 0
14 9 0 0
14 10 0 0
14 11 0 0
14 12 0 0
14 13 0 0
14 14 0 0